data/arenosa/dem_arenosa_clip.asc
ncols         74
nrows         83
xllcorner     892876.30040912
yllcorner     1171434.6457458
cellsize      10
NODATA_value  -9999
[rows 0 to 27 of 83, columns 0 to 62 of 74]
1172.273 1170.747 1170.611 1172.147 1173.021 1173.878 1174.768 1172.264 1169.922 1165.726 1164.641 1172.201 1174.53 1172.62 1167.535 1163.87 1161.389 1158.689 1157.141 1157.307 1157.592 1155.64 1156.454 1159.562 1162.127 1162.551 1159.455 1160.433 1163.073 1167.68 1166.247 1161.652 1160.499 1158.26 1154.052 1149.932 1152.366 1155.937 1158.187 1160.988 1161.269 1161.676 1160.083 1159.886 1162.564 1162.651 1161.869 1157.306 1158.599 1162.886 1163.526 1150.147 1150.283 1155.609 1159.661 1161.518 1162.272 1163.729 1163.288 1162.813 1161.257 1160.451 1163.662
1173.534 1175.163 1175.661 1177.431 1177.177 1176.048 1175.307 1173.071 1171.318 1167.662 1165.11 1165.688 1171.586 1169.311 1164 1161.474 1158.886 1156.944 1159.398 1160.77 1158.864 1157.067 1158.873 1161.516 1167.085 1164.152 1163.868 1165.976 1174.263 1173.535 1172.717 1169.15 1164.794 1163.682 1151.857 1153.893 1156.763 1160.175 1164.244 1164.775 1163.18 1164.714 1163.409 1164.69 1164.65 1163.797 1162.364 1159.166 1158.478 1161.665 1164.543 1151.213 1150.793 1155.395 1159.536 1162.059 1163.085 1164.425 1165.45 1164.688 1163.127 1161.598 1162.738
1176.959 1177.389 1177.006 1176.852 1176.72 1175.237 1174.416 1172.882 1172.232 1171.094 1165.977 1161.492 1164.132 1163.6 1161.495 1159.229 1157.561 1159.579 1160.848 1159.803 1156.72 1158.102 1160.45 1166.929 1172.273 1172.162 1172.153 1176.654 1177.243 1176.502 1173.87 1168.531 1163.75 1154.687 1155.702 1159.737 1163.913 1164.529 1166.798 1167.995 1166.579 1167.781 1169.121 1170.017 1169.254 1169.086 1164.249 1161.797 1160.681 1161.793 1164.411 1156.117 1151.097 1155.318 1158.869 1162.293 1163.79 1164.933 1166.327 1166.275 1165.536 1164.854 1162.339
1178.789 1178.445 1177.433 1175.948 1174.978 1174.652 1173.434 1172.572 1172.071 1171.944 1170.583 1165.026 1161.809 1160.38 1160.054 1159.135 1159.568 1161.998 1162.497 1162.086 1157.754 1160.047 1163.282 1173.256 1176.853 1179.176 1178.003 1180.08 1180.412 1174.725 1168.123 1163.77 1156.508 1154.566 1159.994 1163.684 1168.277 1170.861 1171.867 1172.33 1169.288 1171.458 1174.287 1177.081 1176.62 1176.117 1173.103 1166.359 1163.224 1160.194 1165.329 1163.604 1152.136 1152.006 1158.771 1162.593 1164.328 1165.516 1166.683 1166.929 1166.261 1165.549 1162.872
1181.011 1178.208 1177.406 1176.56 1175.57 1174.147 1173.061 1172.174 1171.484 1171.243 1171.285 1169.259 1166.148 1164.085 1162.666 1162.933 1163.714 1164.704 1165.597 1163.633 1158.698 1161.757 1165.757 1175.703 1180.653 1182.134 1183.527 1184.631 1178.996 1169.802 1163.759 1157.508 1154.476 1156.51 1161.937 1167.498 1171.168 1176.544 1176.872 1175.695 1173.305 1174.618 1179.533 1180.063 1180.657 1178.386 1176.083 1168.979 1164.238 1160.738 1164.26 1164.591 1153.602 1152.687 1158.79 1163.564 1165.227 1166.289 1167.033 1167.124 1166.692 1165.822 1164.397
1182.33 1179.617 1178.09 1176.951 1176.409 1175.514 1173.526 1171.681 1171.146 1170.779 1169.035 1167.624 1166.076 1165.674 1164.053 1164.393 1165.541 1166.699 1165.464 1162.781 1160.511 1166.471 1172.775 1179.5 1182.977 1185.199 1188.728 1186.043 1174.074 1164.996 1160.432 1154.711 1155.578 1159.379 1164.885 1170.877 1176.368 1181.661 1178.741 1177.865 1176.281 1176.827 1180.066 1182.103 1181.297 1179.4 1177.361 1171.841 1165.021 1161.094 1164.014 1164.986 1154.914 1153.934 1159.015 1165.388 1167.028 1167.217 1167.713 1167.504 1167.127 1166.689 1165.951
1186.385 1181.696 1178.819 1177.384 1177.299 1176.501 1174.075 1171.717 1169.89 1168.3 1167.424 1168.105 1167.211 1165.572 1165.593 1165.648 1166.724 1165.617 1164.389 1160.156 1165.512 1169.595 1179.464 1182.87 1185.123 1188.212 1191.683 1185.744 1170.773 1163.151 1158.37 1155.327 1158.478 1161.937 1168.479 1173.711 1179.216 1184.673 1181.002 1179.536 1178.222 1178.559 1180.269 1181.992 1182.424 1181.814 1179.77 1175.715 1167.51 1163.276 1164.373 1161.679 1154.933 1155.272 1157.666 1166.075 1168.234 1168.415 1168.677 1168.379 1168.08 1167.654 1167.05
1189.651 1184.318 1180.013 1177.622 1175.932 1174.116 1172.933 1171.531 1169.929 1170.309 1170.446 1170.496 1169.333 1167.649 1167.159 1166.646 1165.867 1163.363 1160.806 1167.095 1172.942 1177.666 1183.753 1186.458 1189.859 1191.698 1191.975 1184.599 1169.327 1163.33 1158.575 1158.294 1160.683 1168.253 1173 1176.435 1181.694 1185.835 1182.729 1180.932 1179.895 1181.187 1182.261 1182.049 1182.264 1181.074 1181.074 1176.712 1168.642 1165 1165.138 1158.955 1156.507 1156.826 1158.404 1165.907 1168.805 1169.54 1169.754 1169.662 1169.727 1168.864 1167.54
1191.127 1185.108 1180.687 1176.694 1174.806 1173.622 1172.972 1173.009 1171.158 1171.733 1172.426 1172.279 1171.309 1169.884 1167.761 1164.801 1162.382 1164.835 1171.894 1176.161 1178.226 1185.034 1188.172 1191.343 1190.883 1188.823 1187.351 1181.786 1170.464 1164.276 1159.22 1159.861 1164.303 1176.082 1179.114 1180.873 1184.384 1185.974 1182.503 1182.603 1181.472 1183.8 1185.43 1184.062 1182.366 1180.973 1180.332 1176.826 1170.74 1166.708 1166.844 1162.036 1157.653 1157.213 1161.316 1165.5 1170.073 1170.147 1170.803 1171.24 1172.542 1171.802 1168.937
1191.546 1186.552 1182.141 1177.878 1174.769 1173.688 1173.338 1173.642 1173.529 1174.343 1173.972 1173.309 1172.165 1170.378 1166.255 1164.348 1169.734 1175.416 1178.362 1180.863 1185.089 1192.414 1191.62 1188.919 1181.627 1178.335 1178.872 1177.029 1171.091 1166.032 1159.964 1160.025 1164.171 1170.437 1181.84 1185.952 1186.016 1185.997 1184.369 1182.797 1183.026 1185.38 1185.839 1185.484 1183.247 1180.182 1177.943 1173.646 1169.086 1166.754 1168.831 1165.939 1160.527 1158.274 1161.18 1166.205 1171.168 1171.745 1171.818 1173.026 1174.286 1173.721 1170.961
1195.728 1191.458 1185.824 1182.159 1178.498 1174.167 1174.316 1174.511 1175.521 1176.578 1175.198 1173.759 1172.666 1170.808 1168.791 1164.563 1176.408 1179.852 1182.944 1188.32 1193.844 1192.2 1188.466 1179.384 1175.706 1173.048 1172.158 1174.014 1173.455 1163.955 1161.685 1159.939 1161.916 1165.741 1173.423 1181.707 1186.144 1185.693 1184.496 1184.127 1184.29 1185.928 1185.675 1185.428 1183.132 1181.249 1175.674 1171.784 1168.116 1169.838 1170.58 1169.226 1165.858 1159.538 1158.853 1164.493 1171.785 1173.457 1173.403 1174.081 1175.369 1174.549 1173.276
1199.724 1195.284 1190.403 1186.314 1182.394 1177.086 1175.906 1176.467 1179.346 1178.248 1176.176 1174.302 1172.718 1170.708 1169.645 1165.443 1178.107 1183.576 1189.67 1195.488 1194.64 1191.294 1182.008 1175.604 1172.369 1169.325 1167.073 1166.751 1166.214 1166.679 1166.78 1166.365 1161.5 1164.104 1168.413 1174.541 1183.924 1186.657 1184.312 1184.221 1185.452 1186.424 1186.464 1186.292 1184.305 1182.183 1176.265 1172.545 1169.833 1174.489 1172.089 1170.819 1169.575 1162.248 1159.468 1163.304 1169.899 1175.344 1175.955 1175.336 1176.333 1174.987 1174.081
1203.102 1200.374 1197.697 1192.895 1188.943 1188.219 1185.187 1183.245 1181.706 1179.042 1176.448 1174.138 1172.088 1170.447 1168.508 1167.207 1178.86 1186.608 1194.485 1196.4 1194.524 1189.811 1180.578 1173.829 1171.631 1171.892 1171.6 1172.948 1172.04 1171.715 1170.88 1169.312 1166.274 1162.877 1166.661 1172.71 1181.576 1186.733 1184.788 1186.039 1186.41 1186.73 1186.621 1186.042 1184.584 1179.434 1176.877 1173.96 1170.951 1174.276 1173.803 1172.576 1171.805 1168.745 1159.949 1161.185 1168.471 1176.189 1177.377 1176.88 1177.439 1176.175 1174.056
1205.896 1203.309 1202.887 1199.209 1195.412 1191.009 1187.685 1184.708 1181.655 1178.819 1175.813 1173.639 1171.58 1169.344 1167.125 1172.061 1179.772 1189.279 1195.862 1195.998 1193.125 1186.522 1180.537 1173.682 1175.251 1174.765 1176.866 1178.166 1177.146 1177.686 1177.131 1173.862 1168.693 1166.522 1165.545 1172.334 1178.723 1185.925 1186.989 1185.721 1185.364 1185.261 1183.715 1181.37 1180.869 1178.165 1175.013 1172.382 1172.24 1174.452 1175.066 1173.748 1172.355 1170.548 1161.97 1160.368 1167.413 1174.234 1178.86 1177.838 1178.29 1177.131 1174.739
1208.053 1205.447 1202.935 1199.044 1195.441 1191.751 1187.986 1184.681 1182.571 1181.483 1179.29 1175.105 1171.801 1168.515 1169.588 1174.929 1180.378 1191.597 1197.348 1199.724 1194.24 1187.8 1176.582 1175.786 1179.905 1182.068 1182.942 1184.141 1183.999 1183.62 1181.915 1178.347 1175.776 1172.788 1166.164 1170.474 1175.521 1185.41 1186.889 1184.911 1182.338 1180.651 1179.518 1177.05 1174.856 1174.126 1173.344 1172.838 1174.658 1174.124 1175.298 1175.375 1173.865 1172.195 1167.032 1161.103 1162.46 1171.302 1176.626 1177.929 1178.048 1178.943 1177.604
1210.438 1207.226 1203.403 1199.554 1195.001 1190.694 1187.035 1183.816 1181.041 1178.823 1176.979 1173.876 1171.827 1171.669 1173.491 1177.353 1181.858 1193.307 1199.278 1201.289 1194.176 1188.461 1176.789 1181.077 1184.803 1187.302 1190.362 1190.678 1190.843 1188.928 1185.699 1180.647 1177.536 1177.9 1170.508 1170.202 1173.54 1184.703 1186.866 1182.42 1180.348 1179.098 1177.302 1178.581 1177.741 1177.31 1177.9 1177.08 1176.597 1176.932 1176.497 1176.063 1175.089 1173.198 1170.057 1163.502 1162.28 1167.733 1173.587 1177.887 1177.683 1178.998 1179.615
1213.709 1207.934 1203.935 1200.393 1194.7 1187.949 1184.402 1182.855 1180.984 1179.25 1177.87 1175.613 1174.242 1174.355 1177.23 1181.304 1186.787 1194.8 1201.299 1202.358 1196.887 1190.264 1179.326 1184.605 1188.629 1192.68 1195.796 1198.028 1197.372 1193.611 1187.697 1182.428 1180.607 1181.355 1170.469 1171.357 1175.317 1185.322 1185.854 1182.624 1181.768 1178.555 1178.564 1180.437 1180.356 1179.014 1179.324 1178.687 1177.787 1177.876 1177.732 1177.654 1176.699 1174.418 1171.08 1167.831 1163.647 1163.633 1171.154 1176.971 1177.778 1177.776 1180.346
1216.053 1209.093 1204.443 1200.669 1195.299 1188.541 1186.394 1187.012 1184.724 1183.395 1183.007 1179.204 1177.438 1177.82 1181.67 1185.49 1190.954 1196.169 1203.032 1203.648 1199.138 1191.867 1181.391 1188.849 1195.534 1200.9 1202.216 1202.988 1199.841 1196.294 1191.417 1185.149 1183.726 1183.541 1172.507 1174.637 1177.399 1185.192 1185.764 1182.21 1181.245 1179.087 1180.189 1180.506 1181.023 1180.08 1179.98 1179.62 1178.981 1178.773 1178.704 1178.439 1178.079 1175.889 1174.748 1173.772 1166.359 1163.996 1166.871 1174.696 1178.125 1178.487 1182.69
1217.424 1210.037 1205.308 1201.011 1193.693 1191.594 1192.082 1192.255 1188.507 1187.229 1186.112 1182.892 1181.593 1182.018 1184.965 1189.231 1195.011 1198.184 1207.936 1205.865 1201.677 1192.831 1185.006 1192.323 1200.605 1207.801 1206.597 1205.707 1201.069 1197.11 1194.17 1190.492 1186.422 1186.662 1170.912 1174.312 1179.642 1183.823 1185.67 1182.441 1181.09 1179.753 1180.147 1180.322 1180.224 1181.088 1180.48 1180.301 1180.111 1180.048 1179.649 1179.338 1178.17 1177.745 1177.79 1176.567 1172.106 1165.042 1165.663 1175.076 1182.079 1187.38 1191.29
1219.723 1213.536 1205.12 1199.531 1192.988 1193.785 1196.202 1196.538 1192.326 1190.26 1188.09 1183.8 1183.104 1184.218 1186.134 1192.849 1198.78 1203.165 1213.068 1209.787 1202.668 1191.462 1188.696 1191.876 1200.157 1212.571 1210.506 1208.511 1207.126 1204.336 1199.797 1194.629 1190.775 1186.803 1172.609 1174.69 1180.759 1183.173 1185.784 1183.625 1181.817 1181.798 1180.488 1180.529 1180.635 1180.928 1181.361 1181.164 1181.116 1180.958 1179.748 1179.61 1179.072 1178.672 1178.8 1177.716 1174.302 1166.463 1166.318 1174.174 1186.46 1191.586 1198.085
1222.21 1210.914 1205.224 1197.102 1195.187 1198.822 1203.343 1201.474 1198.498 1195.059 1192.116 1187.213 1184.981 1181.763 1184.174 1193.65 1200.253 1210.127 1216.688 1212.668 1203.653 1196.543 1191.224 1194.024 1198.554 1211.459 1214.532 1210.744 1210.221 1207.863 1204.286 1198.022 1193.126 1188.802 1174.924 1177.267 1181.04 1183.209 1186.18 1187.77 1185.212 1185.184 1182.774 1182.418 1183.907 1183.685 1182.77 1182.362 1182.478 1182.197 1180.593 1180.339 1180.238 1179.24 1178.669 1177.687 1174.88 1167.54 1166.925 1174.619 1187.672 1193.372 1202.421
1214.105 1207.826 1201.554 1197.174 1199.508 1207.753 1209.421 1208.229 1206.372 1202.563 1196.966 1194.051 1189.164 1186.165 1187.095 1195.918 1202.342 1213.907 1219.417 1212.754 1205.822 1198.142 1193.957 1195.577 1198.595 1212.225 1216.755 1212.55 1209.976 1208.013 1204.214 1199.395 1193.69 1186.557 1176.532 1179.649 1183.098 1185.909 1189.134 1195.276 1196.844 1189.818 1188.035 1183.628 1186.772 1186.818 1183.899 1182.897 1186.345 1186.421 1184.291 1182.608 1180.513 1180.04 1180.574 1181.264 1177.852 1168.889 1168.113 1175.022 1188.703 1195.515 1203.49
1212.028 1207.786 1203.088 1202.071 1207.594 1212.869 1214.348 1213.581 1212.076 1210.507 1205.454 1200.192 1194.153 1192.468 1195.722 1203.065 1206.323 1216.756 1221.002 1212.382 1208.05 1200.496 1195.816 1197.554 1199.996 1211.709 1218.687 1215.947 1214.451 1211.547 1206.083 1199.083 1194.217 1182.056 1177.526 1186.347 1186.427 1189.454 1190.824 1197.31 1202.222 1197.375 1189.66 1185.712 1188.939 1189.613 1188.994 1189.417 1191.393 1190.799 1188.134 1185.656 1183.077 1181.38 1183.747 1184.337 1178.675 1169.477 1168.658 1175.376 1189.793 1197.202 1203.688
1211.274 1207.419 1204.43 1211.461 1213.994 1216.698 1219.741 1220.194 1218.67 1218.295 1215.813 1208.825 1202.096 1197.57 1199.572 1204.355 1208.553 1222.936 1222.074 1215.053 1209.7 1198.792 1195.771 1199.085 1202.716 1215.554 1222.209 1220.573 1219.931 1212.599 1205.216 1199.352 1190.107 1180.81 1188.106 1191.615 1190.661 1190.635 1193.205 1201.633 1206.207 1202.173 1194.243 1188.071 1190.045 1191.822 1194.172 1194.803 1195.592 1194.33 1191.982 1189.172 1186.742 1185.433 1186.272 1186.807 1181.309 1173.307 1169.668 1176.714 1187.283 1195.717 1203.063
1210.82 1207.686 1210.884 1215.736 1218.49 1221.092 1225.239 1227.26 1226.313 1225.33 1223.235 1218.214 1209.151 1203.075 1204.513 1210.246 1215.998 1226.546 1224.432 1217.94 1211.881 1199.962 1198.741 1203.203 1207.071 1219.409 1225.061 1222.931 1221.809 1216.87 1208.058 1199.986 1186.87 1185.433 1195.27 1196.186 1194.976 1197.255 1200.068 1205.086 1208.007 1201.319 1194.885 1190.09 1191.432 1197.224 1200.75 1200.129 1199.804 1198.035 1195.386 1192.637 1190.365 1189.245 1188.358 1185.208 1184.873 1181.389 1170.743 1174.483 1183.538 1195.259 1201.7
1210.62 1210.7 1214.364 1220.348 1223.815 1226.617 1231.029 1233.478 1233.121 1230.308 1227.762 1224.642 1215.922 1209.943 1214.519 1220.892 1227.451 1226.334 1223.467 1219.478 1212.969 1201.191 1202.797 1207.11 1214.05 1225.259 1227.675 1223.543 1221.46 1216.201 1207.585 1199.17 1189.686 1192.42 1198.535 1198.346 1198.841 1201.193 1203.394 1207.399 1209.765 1201.606 1193.249 1191.953 1194.709 1201.428 1206.8 1203.956 1202.623 1201.449 1199.927 1196.934 1193.846 1192.391 1190.236 1186.731 1188.429 1186.924 1173.123 1173.326 1180.999 1191.896 1200.165
1213.512 1217.555 1222.267 1226.572 1229.624 1232.562 1236.89 1239.126 1238.808 1235.474 1230.834 1227.944 1226.745 1226.719 1228.458 1228.343 1231.245 1229.578 1227.208 1222.344 1213.297 1204.367 1206.946 1210.996 1219.138 1229.938 1230.714 1225.287 1221.087 1213.945 1208.171 1202.107 1199.696 1200.57 1201.602 1200.679 1200.726 1204.195 1209.859 1213.919 1210.318 1203.143 1195.535 1195.502 1199.735 1207.125 1209.994 1208.608 1208.731 1208.378 1205.9 1200.736 1197.539 1195.431 1189.567 1189.983 1191.667 1189.638 1182.098 1173.357 1178.415 1188.568 1196.747
1218.33 1223.671 1228.32 1232.426 1236.125 1238.856 1241.596 1244.37 1244.401 1240.923 1236.809 1234.933 1234.573 1236.987 1235.883 1236.737 1234.175 1232.298 1230.081 1225.488 1211.575 1207.538 1211.027 1214.219 1224.532 1233.347 1231.021 1225.643 1220.693 1212.515 1207.258 1201.968 1203.567 1206.763 1207.005 1206.948 1209.663 1216.472 1221.445 1222.215 1213.898 1206.355 1197.984 1198.638 1205.942 1212.081 1214.722 1214.453 1214.859 1213.708 1209.666 1203.869 1199.082 1197.351 1190.578 1192.953 1193.014 1191.821 1186.857 1174.766 1176.569 1186.512 1195.257
