data/arenosa/dem_arenosa_clip.asc
ncols         74
nrows         83
xllcorner     892876.30040912
yllcorner     1171434.6457458
cellsize      10
NODATA_value  -9999
[rows 28 to 55 of 83, columns 0 to 62 of 74]
1220.834 1229.319 1234.127 1238.555 1242.497 1245.043 1246.823 1249.777 1249.947 1247.251 1246.403 1244.482 1244.379 1244.681 1241.256 1237.714 1234.396 1230.325 1227.23 1224.352 1219.527 1212.694 1215.205 1222.969 1230.7 1234.577 1231.276 1226.957 1221.996 1211.344 1207.557 1208.637 1210.488 1211.625 1214.107 1217.554 1221.341 1224.85 1228.055 1226.217 1219.855 1210.403 1200.633 1202.191 1211.618 1218.484 1219.55 1219.519 1218.835 1217.114 1212.9 1208.238 1201.88 1196.27 1191.77 1194.885 1193.897 1192.436 1190.058 1177.444 1177.78 1185.507 1192.646
1224.11 1235.087 1240.248 1246.464 1249.95 1251.412 1253.633 1255.694 1255.644 1256.449 1255.99 1254.444 1253.705 1251.757 1244.747 1237.982 1233.591 1228.762 1225.032 1222.815 1215.958 1217.181 1220.792 1230.192 1232.696 1231.739 1229.263 1226.137 1219.443 1212.412 1213.027 1214.602 1216.194 1218.22 1220.316 1222.979 1226.658 1231.331 1232.824 1229.823 1224.389 1217.482 1203.544 1205.687 1215.778 1223.154 1223.749 1223.333 1222.329 1221.103 1217.16 1209.375 1200.555 1194.203 1196.069 1195.024 1194.058 1193.413 1190.211 1181.021 1177.793 1185.829 1190.369
1231.934 1241.391 1248.13 1254.386 1256.902 1258.411 1260.635 1261.434 1261.472 1263.629 1262.202 1260.407 1257.998 1253.989 1245.497 1238.697 1232.88 1228.345 1224.833 1220.75 1219.468 1223.141 1227.616 1233.006 1234.163 1231.626 1227.61 1221.851 1217.643 1218.82 1220.182 1221.706 1224.199 1226.836 1227.49 1228.517 1231.992 1236.39 1234.982 1231.149 1225.567 1213.005 1208.147 1210.157 1217.479 1222.788 1226.288 1228.604 1226.531 1224.11 1215.642 1206.081 1200.59 1197.286 1197.163 1194.388 1194.273 1193.855 1190.22 1187.326 1178.511 1186.839 1190.891
1241.883 1247.792 1254.282 1260.504 1262.548 1264.702 1266.21 1266.449 1266.471 1268.442 1266.766 1264.514 1261.524 1254.954 1246.791 1240.011 1232.367 1226.859 1225.289 1221.012 1226.375 1230.731 1233.458 1234.324 1233.515 1231.394 1224.254 1222.298 1223.749 1226.113 1227.359 1230.314 1233.805 1235.758 1235.328 1235.355 1239.432 1240.595 1237.983 1231.875 1219.612 1214.811 1213.964 1215.693 1218.494 1225.789 1229.6 1231.757 1227.792 1219.467 1211.194 1203.781 1201.909 1201.037 1199.892 1197.585 1196.433 1194.296 1190.519 1189.321 1179.958 1185.69 1193.879
1247.793 1254.099 1258.744 1262.558 1267.276 1270.379 1271.299 1271.239 1271.75 1272.201 1271.443 1269.141 1265.52 1255.111 1247.422 1240.881 1232.938 1228.258 1228.262 1228.473 1234.247 1236.455 1235.502 1235.052 1234.13 1231.253 1227.236 1228.148 1231.029 1233.278 1235.454 1238.573 1241.229 1242.917 1243.367 1244.543 1246.317 1244.099 1241.014 1231.781 1223.042 1220.049 1219.358 1220.915 1223.174 1228.901 1231.638 1233.492 1224.693 1215.653 1210.517 1205.125 1204.534 1203.457 1202.847 1201.414 1198.77 1195.363 1191.358 1187.246 1181.673 1181.988 1196.139
1257.247 1261.593 1265.304 1268.691 1272.875 1275.628 1276.209 1276.207 1276.757 1275.597 1275.414 1273.629 1268.568 1257.994 1247.398 1240.406 1233.258 1230.811 1232.458 1237.182 1239.348 1237.375 1237.389 1237.257 1236.413 1231.582 1231.673 1234.122 1238.237 1242.813 1245.391 1247.493 1247.87 1250.272 1251.45 1251.975 1250.202 1246.914 1239.694 1230.954 1227.532 1226.034 1225.651 1225.397 1231.19 1232.806 1237.16 1232.317 1221.755 1216.186 1208.573 1207.946 1211.806 1209.57 1208.508 1207.466 1204.909 1199.164 1193.212 1188.903 1184.367 1181.187 1193.306
1264.42 1269.641 1274.024 1276.588 1279.147 1281.229 1281.279 1281.174 1281.304 1279.32 1278.83 1277.24 1271.903 1256.81 1246.291 1239.45 1236.447 1235.753 1239.427 1242.666 1241.604 1240.124 1241.191 1241.193 1238.304 1235.852 1237.986 1241.037 1249.635 1253.365 1254.945 1254.131 1253.691 1256.774 1257.399 1255.812 1252.377 1246.178 1239.495 1234.609 1233.931 1233.87 1232.081 1231.017 1237.596 1238.598 1242.119 1231.193 1222.158 1215.855 1209.894 1213.733 1216.202 1216.198 1215.618 1214.717 1212.423 1208.706 1199.546 1193.012 1187.399 1184.389 1187.301
1272.027 1278.625 1282.068 1284.079 1285.98 1287.293 1287.312 1286.039 1285.516 1281.961 1279.193 1276.189 1269.06 1254.786 1245.576 1240.245 1239.377 1240.68 1244.923 1245.254 1243.848 1245.277 1248.05 1245.197 1241.915 1242.399 1244.668 1249.682 1258.239 1260.777 1260.918 1259.594 1259.26 1260.455 1260.397 1258.058 1252.588 1248.985 1246.658 1243.469 1242.785 1240.655 1237.877 1240.797 1245.803 1247.045 1242.567 1230.395 1221.174 1214.567 1213.171 1217.865 1221.765 1221.826 1221.321 1221.066 1218.514 1213.054 1205.07 1198.26 1196.306 1187.945 1185.031
1278.558 1285.241 1287.851 1291.04 1293.48 1294.086 1292.496 1291.221 1288.954 1280.811 1277.415 1273.429 1263.237 1255.182 1246.373 1243.361 1244.026 1246.554 1247.55 1247.588 1248.57 1251.287 1252.719 1249.819 1249.715 1250.268 1253.624 1259.408 1262.101 1263.442 1263.624 1263.612 1264.619 1264.643 1263.723 1260.817 1258.256 1253.486 1251.807 1250.531 1249.163 1246.25 1244.554 1248.522 1253.535 1251.163 1239.203 1225.667 1221.763 1218.978 1217.047 1222.279 1227.654 1228.609 1229.531 1228.673 1225.007 1217.187 1210.776 1207.21 1203.911 1194.476 1186.405
1287.865 1291.246 1292.673 1296.355 1299.329 1301.563 1298.573 1294.687 1290.571 1281.318 1275.705 1267.56 1261.89 1255.991 1247.841 1247.416 1249.366 1250.762 1251.048 1251.75 1254.212 1256.002 1257.044 1256.008 1256.158 1257.838 1260.917 1264.574 1266.643 1266.582 1266.539 1268.692 1269.13 1268.814 1266.488 1264.215 1262.527 1259.133 1257.79 1255.921 1254.104 1252.011 1251.473 1256.1 1255.484 1249.412 1232.114 1227.053 1223.976 1221.629 1222.207 1228.325 1233.015 1235.467 1237.261 1235.202 1230.194 1224.362 1216.843 1211.17 1207.671 1199.883 1188.227
1294.477 1295.489 1296.778 1300.517 1302.926 1302.804 1299.722 1295.006 1289.292 1284.396 1278.874 1266.321 1260.302 1253.237 1251.479 1252.975 1254.899 1257.083 1258.331 1257.478 1259.086 1261.257 1260.812 1261.559 1262.607 1265.287 1266.168 1267.602 1268.157 1268.889 1272.465 1273.104 1273.2 1272.066 1269.799 1268.903 1266.684 1265.12 1263.115 1260.872 1258.879 1257.247 1256.986 1258.492 1255.918 1243.612 1233.568 1229.397 1227.39 1225.583 1227.26 1233.976 1238.739 1241.172 1242.595 1238.663 1234.848 1229.013 1223.031 1217.431 1212.405 1208.276 1194.739
1288.027 1296.36 1299.76 1302.43 1303.281 1302.13 1300.01 1294.634 1287.511 1279.611 1270.988 1264.199 1258.994 1255.353 1257.935 1261.922 1263.261 1266.141 1267.3 1265.511 1265.065 1266.462 1264.394 1266.061 1267.783 1269.533 1269.431 1269.982 1271.785 1276.019 1277.249 1277.38 1277.868 1275.431 1272.769 1272.648 1271.632 1270.06 1268.011 1265.759 1263.703 1262.271 1262.625 1262.316 1256.067 1240.961 1235.432 1233.057 1229.858 1229.322 1233.157 1241.043 1244.265 1246.776 1247.728 1242.967 1238.256 1233.768 1231.519 1225.745 1218.06 1213.767 1204.522
1282.116 1290.047 1297.831 1302.918 1305.335 1303.4 1299.25 1289.649 1279.149 1276.089 1269.836 1263.381 1260.083 1263.147 1268.541 1271.16 1272.557 1273.345 1273.62 1273.407 1272.94 1272.123 1271.116 1271.716 1274.056 1273.062 1273.217 1274.949 1278.459 1281.395 1281.959 1282.335 1281.055 1277.162 1275.932 1277.664 1276.44 1274.875 1272.851 1270.613 1269.707 1269.186 1269.744 1261.635 1250.492 1240.437 1238.832 1237.286 1235.633 1235.602 1239.93 1247.923 1249.829 1250.395 1252.079 1250.222 1242.605 1237.925 1237.447 1231.633 1223.762 1218.391 1208.104
1279.637 1292.01 1298.344 1304.949 1305.434 1300.935 1296.471 1284.54 1274.752 1271.689 1268.787 1264.943 1267.691 1273.807 1275.893 1278.202 1281.417 1282.892 1281.987 1279.587 1279.51 1278.267 1278.233 1279.862 1280.758 1279.468 1279.33 1282.159 1286.055 1286.583 1287.013 1286.634 1282.076 1279.913 1282.415 1282.697 1281.462 1279.874 1277.85 1276.239 1278.486 1276.411 1270.981 1260.203 1248.861 1242.522 1244.789 1246.301 1245.735 1244.769 1249.173 1253.567 1255.461 1256.386 1257.822 1255.746 1248.463 1241.313 1239.654 1235.099 1225.811 1223.658 1216.999
1277.846 1290.312 1295.953 1303.634 1304.23 1298.445 1293.774 1285.156 1275.163 1273.04 1271.22 1273.308 1275.675 1278.269 1280.777 1281.674 1287.369 1290.135 1288.742 1285.304 1285.308 1284.532 1281.872 1283.576 1286.267 1286.186 1286.339 1287.511 1289.778 1290.362 1289.136 1288.633 1286.443 1287.664 1288.808 1287.885 1286.66 1285.007 1282.992 1285.288 1283.896 1280.066 1267.161 1259.031 1249.521 1246.902 1253.764 1257.703 1256.005 1254.498 1257.1 1259.007 1260.643 1262.249 1262.178 1259.459 1252.597 1248.49 1245.245 1236.905 1226.014 1224.538 1218.274
1279.46 1286.62 1295.603 1302.243 1302.226 1294.918 1289.808 1280.77 1276.958 1277.717 1281.56 1282.032 1280.794 1283.988 1285.461 1285.139 1288.585 1291.612 1292.024 1291.518 1291.583 1290.018 1288.455 1288.309 1290.652 1295.281 1295.15 1293.272 1293.94 1294.944 1294.589 1292.401 1293.609 1294.824 1293.798 1293.06 1291.764 1289.988 1290.595 1289.827 1287.253 1276.947 1266.923 1259.71 1254.398 1256.19 1263.713 1265.227 1263.356 1261.545 1262.489 1264.19 1265.448 1264.778 1264.323 1260.568 1252.452 1245.743 1244.413 1236.576 1226.988 1224.322 1219.039
1282.228 1288.065 1296.192 1302.701 1301.307 1294.064 1286.957 1280.305 1279.159 1287.029 1288.306 1286.441 1286.48 1289.735 1290.166 1289.779 1292.363 1295.842 1297.081 1296.915 1297.562 1296.545 1294.203 1294.433 1297.666 1302.686 1303.974 1304.742 1305.035 1303.302 1299.51 1298.662 1298.89 1299.906 1298.767 1297.966 1296.485 1295.339 1294.301 1292.899 1288.626 1276.185 1269.61 1264.325 1263.081 1266.853 1270.162 1268.927 1263.194 1262.805 1268.159 1269.959 1269.637 1267.406 1266.73 1262.357 1252.614 1245.856 1241.642 1236.34 1228.688 1221.907 1215.575
1283.943 1290.172 1296.641 1301.73 1298.434 1292.579 1287.131 1284.195 1286.238 1290.814 1291.204 1290.575 1292.415 1294.263 1294.435 1294.72 1295.613 1298.813 1301.543 1301.737 1303.034 1303.991 1302.592 1302.538 1306.362 1310.825 1312.253 1312.26 1311.273 1309.756 1306.311 1305.17 1305.253 1306.531 1304.94 1302.742 1300.766 1299.05 1297.581 1295.06 1289.211 1280.875 1273.165 1268.743 1268.426 1272.757 1272.046 1270.556 1267.857 1270.239 1273.134 1273.798 1272.434 1270.311 1269.022 1264.856 1255.338 1248.879 1244.657 1238.31 1230.405 1222.449 1213.635
1287.578 1292.933 1298.032 1303.871 1297.748 1293.573 1290.775 1292.128 1293.249 1295.838 1295.545 1296.101 1303.877 1302.169 1299.915 1297.666 1299.82 1301.691 1304.944 1305.851 1308.39 1310.586 1312.483 1313.892 1315.591 1316.411 1317.793 1317.323 1316.318 1314.253 1311.403 1310.786 1311.431 1312.084 1310.228 1307.2 1304.968 1303.085 1300.776 1296.48 1291.432 1285.731 1277.611 1275.412 1275.488 1275.751 1275.129 1274.195 1273.147 1275.156 1275.696 1275.192 1274.113 1273.215 1271.855 1268.523 1260.698 1253.168 1247.398 1240.163 1232.681 1225.106 1215.57
1291.343 1294.909 1298.785 1306.432 1304.164 1299.378 1298.176 1298.981 1299.843 1300.17 1299.335 1303.917 1308.126 1307.091 1305.447 1302.627 1305.445 1305.569 1307.481 1309.073 1313.509 1316.02 1318.172 1319.552 1320.229 1321.804 1322.643 1321.72 1320.863 1318.024 1316.213 1315.641 1316.031 1314.518 1314.23 1311.227 1308.934 1306.949 1303.892 1298.88 1293.676 1288.508 1282.771 1280.507 1280.881 1280.825 1280.367 1279.593 1277.361 1276.056 1275.638 1275.654 1274.773 1274.907 1274.769 1271.926 1264.304 1255.883 1249.434 1243.558 1237.072 1229.94 1220.011
1295.824 1297.896 1299.468 1306.387 1307.292 1306.62 1306.682 1306.575 1304.177 1302.351 1304.293 1307.876 1311.826 1312.008 1308.784 1307.64 1312.455 1312.619 1310.28 1312.042 1318.469 1321.258 1323.037 1324.308 1325.299 1327.632 1327.046 1326.009 1324.951 1323.157 1321.525 1320.182 1319.735 1317.673 1316.018 1314.617 1312.09 1309.331 1305.77 1301.821 1296.782 1292.217 1288.771 1285.55 1285.878 1285.043 1282.945 1280.929 1279.216 1276.674 1278.261 1276.519 1274.712 1273.193 1274.332 1272.598 1264.883 1258.21 1254.506 1248.537 1241.352 1235.657 1225.923
1300.919 1302.534 1301.355 1305.042 1309.928 1310.961 1311.512 1311.168 1307.914 1306.81 1309.438 1311.688 1316.695 1317.345 1312.699 1311.397 1316.453 1320.775 1314.498 1315.565 1322.705 1326.429 1328.072 1329.626 1329.811 1331.65 1331.028 1330.475 1329.158 1327.579 1325.87 1323.914 1322.254 1319.911 1318.007 1317.169 1313.787 1310.075 1306.651 1302.344 1298.396 1296.675 1293.445 1291.24 1288.966 1286.425 1285.847 1284.9 1283.214 1281.797 1279.354 1277.005 1274.799 1272.798 1270.998 1269.626 1265.451 1263.787 1261.884 1255.709 1248.493 1240.949 1232.712
1305.898 1307.272 1310.304 1312.704 1314.344 1315.357 1316.224 1314.983 1312.554 1311.768 1313.527 1316.69 1322.025 1320.557 1316.691 1315.795 1321.233 1324.116 1320.327 1319.952 1324.251 1330.729 1333.403 1333.513 1333.097 1333.708 1333.092 1333.306 1332.932 1331.248 1329.058 1326.979 1325.357 1324.202 1321.733 1317.501 1312.557 1308.308 1305.204 1302.32 1299.486 1296.584 1293.727 1290.933 1287.969 1285.684 1284.502 1283.768 1281.625 1279.984 1277.896 1275.818 1273.824 1271.947 1270.556 1270.043 1267.76 1267.083 1265.248 1260.751 1254.99 1249.499 1240.898
1312.173 1312.847 1311.763 1313.914 1320.774 1321.721 1320.557 1318.778 1317.226 1316.204 1318.766 1323.5 1327.218 1323.403 1320.301 1319.421 1327.811 1328.6 1325.809 1325.571 1329.286 1335.235 1337.593 1336.775 1336.154 1336.37 1335.36 1335.53 1335.503 1333.697 1331.398 1329.489 1326.953 1323.921 1319.888 1314.288 1308.501 1304.989 1302.249 1299.46 1296.767 1294.11 1291.306 1288.253 1280.927 1278.815 1277.951 1276.45 1273.595 1269.408 1266.936 1268.912 1270.433 1270.233 1270.312 1269.773 1270.023 1269.989 1268.822 1264.938 1258.54 1253.512 1244.512
1318.627 1320.815 1319.169 1320.649 1324.684 1325.23 1322.185 1320.442 1319.915 1321.528 1327.066 1330.811 1330.64 1326.543 1322.346 1320.876 1332.667 1334.713 1334.082 1334.41 1337.093 1340.138 1341.228 1340.185 1339.973 1340.969 1340.722 1340.175 1337.982 1335.27 1332.746 1330.232 1326.773 1320.476 1312.586 1306.427 1302.879 1300.059 1297.252 1294.682 1292.304 1289.898 1286.004 1283.132 1279.339 1273.481 1270.457 1267.334 1264.315 1261.727 1260.2 1259.688 1259.28 1259.01 1261.992 1264.021 1264.079 1267.155 1266.921 1264.39 1259.328 1253.817 1242.223
1326.529 1328.21 1328.522 1329.051 1329.232 1328.289 1324.923 1324.022 1324.683 1326.85 1332.516 1335.323 1334.122 1329.581 1325.043 1326.046 1334.609 1337.751 1339.143 1340.902 1342.661 1344.726 1344.611 1344.702 1345.266 1345.392 1344.268 1342.059 1339.365 1336.379 1333.271 1330.113 1325.176 1315.221 1306.476 1301.347 1297.585 1292.702 1287.229 1282.54 1279.827 1276.628 1274.494 1273.528 1270.94 1267.129 1265.03 1262.205 1259.292 1255.94 1256.066 1254.479 1252.243 1250.13 1250.859 1255.093 1261.664 1263.251 1262.402 1260.94 1256.929 1252.511 1243.684
1334.466 1333.347 1333.732 1334.351 1333.646 1328.874 1326.318 1327.495 1329.349 1334.056 1338.739 1339.922 1338.964 1335.349 1323.498 1322.377 1338.671 1342.105 1342.922 1343.508 1345.035 1345.768 1345.485 1344.544 1343.804 1343.754 1344.686 1344.472 1340.398 1337.553 1334.257 1329.596 1321.597 1312.571 1305.779 1296.896 1292.317 1285.575 1282.134 1279.627 1276.758 1273.335 1271.454 1269.258 1265.883 1263.111 1260.176 1258.219 1255.277 1252.061 1252.178 1250.55 1246.821 1244.247 1244.373 1245.979 1249.396 1251.879 1248.388 1248.952 1248.821 1247.107 1241.387
1343.562 1340.076 1338.51 1338.244 1336.129 1330.577 1328.514 1330.711 1334.215 1341.032 1344.037 1344.335 1343.12 1341.054 1339.034 1339.496 1342.424 1345.048 1344.296 1344.151 1345.185 1345.029 1344.463 1343.917 1342.899 1342.894 1345.065 1345.461 1341.515 1337.711 1334.029 1329.083 1320.204 1312.258 1303.336 1295.053 1289.233 1283.893 1279.12 1276.37 1272.954 1269.759 1266.523 1264.464 1260.884 1258.416 1256.485 1254.926 1251.232 1248.603 1247.144 1243.192 1241.394 1239.532 1238.477 1239.806 1242.417 1242.634 1242.14 1241.914 1240.052 1237.453 1231.964
