data/arenosa/flowacum_m2.asc
ncols         435
nrows         456
xllcorner     891236.30040912
yllcorner     1168994.6457458
cellsize      10
NODATA_value  -9999
[rows 164 to 204 of 456, columns 94 to 187 of 435]
200 0 100 0 0 0 100 100 0 300 200 200 300 100 0 0 1400 400 500 500 300 200 100 100 0 0 100 200 0 8000 100 300 400 800 715600 2500 300 200 0 100 5000 1100 1700 600 500 1300 500 1400 300 1400 100 0 500 400 2000 300 0 100 400 131000 1700 1400 700 400 0 0 200 200 200 600 600 300 0 200 100 200 200 100 0 0 0 0 0 100 200 40300 1200 800 0 0 3600 100 0 100
0 100 0 0 100 300 500 200 500 100 400 300 300 400 200 100 0 1500 500 1200 600 400 500 0 200 100 0 100 0 100 8100 200 300 714600 1000 1300 300 200 100 0 4900 1000 1600 500 400 1200 400 1300 200 1300 0 400 300 100 1700 200 0 0 200 129100 0 100 100 100 200 0 0 100 100 100 300 500 200 100 0 100 100 0 0 100 100 100 300 400 500 39300 1100 0 600 3100 300 0 0 5700
100 0 0 100 200 300 0 600 0 700 200 500 400 400 500 300 200 100 1600 1700 3100 700 500 600 100 300 200 0 200 100 200 8500 710900 3100 900 300 400 200 100 0 4800 900 1500 400 300 1100 300 1200 100 1200 300 200 0 100 1400 100 0 100 1200 127600 100 0 0 0 0 100 0 0 0 0 100 0 400 100 0 0 0 0 100 200 500 800 900 0 38900 200 400 500 500 3000 0 100 5100 400
0 0 100 0 100 0 400 100 900 1000 1900 300 600 500 500 600 400 300 200 0 100 3200 800 600 700 200 400 300 100 500 697800 702100 0 2200 700 800 200 300 100 0 4700 800 1400 300 200 1000 200 1100 0 1100 200 100 0 800 400 0 900 1100 500 127300 100 0 0 0 0 0 0 0 0 0 0 0 100 100 0 0 100 200 300 0 0 100 200 2200 36400 100 300 400 400 1600 1200 0 5000 300
0 0 0 200 0 200 100 500 0 100 200 2300 2800 700 600 600 700 500 400 300 400 200 3600 4600 5400 6300 6700 7300 400 696900 2600 800 500 1400 600 600 700 100 200 0 4600 700 1300 200 100 900 100 1000 800 100 100 0 100 500 300 800 0 400 200 126000 0 100 100 0 100 200 100 100 100 100 0 0 0 0 0 0 100 0 0 400 600 700 800 35800 400 0 200 300 300 1500 700 300 4900 200
200 200 100 0 300 100 300 200 600 0 100 200 300 3300 4200 700 700 800 600 500 600 1200 0 0 0 0 0 100 695900 300 2500 700 400 1300 0 400 500 600 0 100 4500 600 1200 100 0 800 0 900 700 0 0 0 400 200 700 100 300 100 2100 9900 113700 200 100 0 200 300 200 200 1200 700 500 300 100 0 0 0 0 200 200 0 100 200 22600 13000 0 200 100 200 200 1400 600 200 4800 100
0 400 300 300 400 0 200 400 300 700 0 0 0 0 100 4500 800 800 900 700 0 0 1300 100 100 100 654200 666500 21600 200 2400 600 300 700 400 300 200 100 500 0 4400 500 400 600 0 700 0 700 400 100 0 300 100 600 0 0 0 2000 9800 500 800 111600 90100 300 400 300 300 1900 500 400 300 200 100 0 0 100 100 300 700 2000 18200 21100 1000 100 12700 100 0 100 100 1300 500 100 4700 0
200 0 600 400 900 100 0 300 500 400 800 100 100 100 0 100 4800 900 900 1000 800 100 100 1400 4900 653800 800 11200 21500 100 2300 300 100 200 600 300 200 100 0 400 4300 300 0 300 500 600 0 500 300 0 100 0 500 1600 1700 1800 1900 9700 400 100 500 20600 400 89500 87100 86500 9600 1700 300 200 100 0 100 0 0 100 200 0 800 16000 100 2500 100 700 0 12600 0 0 0 1200 400 0 1300 3200
300 300 0 700 1300 2400 300 400 0 600 500 900 200 200 200 0 0 4900 1000 1000 1100 2100 200 2900 648600 0 700 600 10400 21400 0 2200 200 0 100 500 200 100 0 300 4200 100 0 200 400 500 0 300 200 0 0 400 1500 0 700 900 9600 300 0 100 200 20500 300 700 900 0 76300 5700 1200 900 800 400 100 0 0 200 200 600 15600 200 0 1700 600 0 600 12200 200 0 200 800 300 700 400 1000
300 400 400 600 0 100 2500 400 600 700 0 600 1000 300 300 300 500 700 5000 1100 1100 0 2300 648200 0 100 600 500 400 9800 21300 0 2100 100 0 0 400 100 0 200 3800 200 0 100 300 400 100 0 100 100 200 1400 100 500 0 6900 1500 200 0 100 20000 300 200 600 400 300 200 75900 5600 100 0 200 100 0 0 100 500 3000 12400 0 0 1600 400 0 500 11800 200 0 100 700 200 600 300 900
400 400 500 600 1400 0 200 2900 3500 1500 100 0 700 1100 400 400 500 600 800 6000 1200 2500 647800 0 100 0 500 400 300 100 9500 21100 19700 2000 100 0 0 300 0 100 200 3400 100 0 200 300 0 0 0 0 1300 0 200 100 6800 1100 200 100 0 200 19600 200 100 500 300 200 100 100 75600 5500 700 300 100 0 0 100 600 1600 12200 0 1000 400 100 100 400 7300 4300 100 0 600 100 500 200 800
600 500 500 600 700 2300 2500 2600 2700 6400 8100 8500 800 1200 0 500 0 0 700 0 6200 644000 500 400 100 0 400 300 200 0 1600 7700 1200 19600 1700 200 0 400 200 0 100 3000 200 0 100 100 0 0 600 1100 0 100 0 6500 600 300 100 0 100 18300 1100 100 0 400 200 100 0 0 75500 3900 600 200 0 0 100 300 1200 200 12000 0 900 300 0 0 300 7200 3800 300 0 500 0 400 100 700
400 700 600 700 800 900 1000 1100 1200 1300 1400 1600 10400 11500 12900 13500 14300 14500 100 1000 634900 0 2500 400 100 0 300 200 100 800 600 7600 1100 17800 1600 1300 1100 400 300 100 0 200 2600 100 0 0 100 400 300 0 100 800 6400 500 100 0 0 0 16900 1200 500 400 0 300 100 0 0 700 74600 2500 1200 500 100 0 0 600 400 100 200 11600 800 100 0 100 0 7100 100 3500 200 200 100 300 0 600
500 500 800 0 100 200 300 0 0 0 0 0 0 100 300 0 1400 1500 16200 632100 100 1300 1700 600 300 0 200 100 0 700 500 7500 1000 500 17100 1500 0 0 300 200 0 100 1800 600 0 0 100 200 100 200 500 5400 200 100 0 0 10700 16500 200 1100 300 0 300 200 0 0 500 73200 300 800 2400 1100 400 0 0 400 300 0 100 11500 500 100 0 0 900 6000 0 100 3200 100 100 0 200 500
600 600 600 900 0 100 200 400 100 100 100 0 0 0 1200 1300 0 100 615300 300 0 100 1000 1600 500 200 100 0 0 500 400 7400 900 400 15300 1600 1400 400 300 200 100 0 1700 200 200 0 100 0 0 100 5000 200 100 0 0 10500 4800 700 100 1000 100 0 200 100 0 300 71000 2000 100 0 700 2300 1000 200 0 300 200 0 9400 1900 200 100 0 0 700 5800 0 0 1300 1700 0 0 100 400
1400 0 700 700 1000 1100 1200 1600 2200 200 500 800 1000 1100 0 100 0 100 615000 0 200 0 300 500 1500 400 100 0 200 100 300 7300 800 300 14700 400 1500 800 300 200 100 0 1600 100 100 0 0 300 1100 4700 100 100 0 0 10300 100 4500 600 0 700 100 0 100 0 100 70700 100 500 1300 0 600 2200 800 0 0 200 100 0 9200 1200 500 100 0 0 500 5600 0 0 1100 1000 500 100 0 300
700 1500 100 800 800 900 1000 1100 1200 3600 3700 3800 3900 0 0 0 200 613700 700 0 0 0 200 0 300 1400 300 0 100 0 200 7200 700 200 400 14100 300 1400 300 200 100 0 1500 0 0 0 100 600 3200 100 0 0 0 10100 0 3600 700 400 0 200 300 0 0 0 0 70500 0 400 600 500 500 1300 700 700 0 100 0 200 8800 1100 300 0 0 100 200 5400 0 0 900 700 100 200 0 200
2100 800 1600 1100 0 0 0 100 200 300 0 100 0 4000 100 376000 612200 400 500 600 400 0 0 0 200 400 800 200 0 100 2000 5000 600 100 300 13800 100 200 1300 200 100 0 700 600 0 200 500 2900 100 0 0 800 9800 0 2800 600 600 200 0 100 100 0 0 100 70000 200 0 300 500 400 400 1200 600 400 0 0 100 7900 700 1000 100 0 0 100 200 5000 100 0 700 400 100 0 100 100
100 2400 900 2900 0 100 100 0 0 0 400 500 200 400 375500 5000 230900 0 200 400 0 200 100 0 100 300 400 200 100 0 1900 4900 500 0 200 13400 200 0 100 1200 100 0 600 500 0 100 2500 200 0 0 600 8200 500 2500 100 500 300 100 100 0 0 0 0 68600 900 0 100 200 400 300 300 1100 500 200 0 0 200 7500 600 300 500 0 0 100 3300 0 1200 0 600 100 100 0 0 0
0 0 2500 4000 0 100 200 200 100 100 100 0 700 370700 0 800 4000 230800 0 0 300 200 100 0 0 200 300 100 0 1800 4600 100 0 300 100 13200 0 100 0 900 100 0 500 400 0 2100 200 100 0 400 8100 400 1900 400 0 400 200 0 0 0 100 61200 67300 1000 400 300 0 100 300 200 200 1000 400 100 0 100 5900 1400 500 100 0 400 0 100 1800 1300 100 1100 300 100 0 0 0 0
1200 0 100 6900 0 100 200 300 300 200 200 200 369500 0 100 700 1800 2000 230700 500 400 300 200 100 0 100 200 0 700 900 900 3500 0 200 0 300 12700 100 0 300 400 0 400 300 1700 200 100 0 200 8000 300 1000 700 0 200 300 0 0 0 300 61100 2500 3200 400 400 300 200 0 200 100 100 900 300 0 200 400 5300 1300 200 100 0 300 0 1100 300 800 100 0 1000 200 0 0 100 300
2300 0 100 0 7000 100 200 300 400 400 300 366400 2400 100 0 600 1700 1700 100 230000 400 300 200 100 0 0 100 0 500 800 800 0 3300 100 0 100 12000 300 0 0 100 300 300 200 1600 100 0 100 100 7700 200 900 300 200 100 100 0 0 100 58800 1500 2400 500 2500 300 300 200 100 100 0 0 800 200 100 0 3800 1300 800 300 100 0 200 800 100 200 600 0 0 900 0 0 0 0 0
10300 2500 0 200 100 7100 200 300 400 365100 365500 0 1000 1200 0 500 1600 1600 0 1000 228300 900 800 700 600 500 0 0 300 700 600 0 3000 100 0 0 700 11100 200 100 0 200 200 100 1500 0 0 0 7300 200 100 800 200 100 0 0 0 400 58100 500 1400 300 1900 400 2400 200 200 100 0 0 700 100 0 0 3200 400 1100 0 700 200 0 100 700 0 100 400 0 200 200 200 0 0 100 100
100 10600 2600 100 300 200 7200 360600 363100 300 0 100 900 0 1000 400 1500 1500 800 0 1300 225800 300 200 100 0 400 0 100 500 0 500 2700 100 0 0 500 10500 400 0 0 100 100 0 1400 0 2400 6300 800 100 0 700 100 0 0 100 200 57300 100 400 1300 200 1700 0 300 2300 100 100 0 600 0 200 300 2600 300 300 300 600 300 200 100 0 0 500 0 300 100 100 0 0 0 100 100 400
200 0 10800 13700 200 400 352300 100 1900 300 200 0 100 600 900 300 1400 1400 700 0 1100 223600 1600 900 800 700 600 300 0 100 200 400 500 2000 0 0 300 9500 800 200 0 0 0 1300 100 2200 1000 2600 700 0 100 400 0 0 100 800 56100 1000 0 300 1200 100 1500 0 200 500 1600 0 0 500 100 200 1500 500 200 200 200 500 100 0 100 0 100 200 0 100 0 0 0 100 0 100 200 500
0 300 0 0 13800 344200 7100 0 1000 700 200 100 0 500 800 200 1300 1300 600 900 0 220000 3400 500 400 300 200 500 200 0 100 300 400 600 1200 0 100 9400 500 100 0 0 1200 0 1900 900 2000 400 300 200 0 300 100 300 500 0 55000 800 0 200 1100 0 100 1200 100 300 0 1500 400 0 100 900 100 400 100 100 100 100 200 0 0 0 0 0 0 0 0 0 0 0 200 400 700 120900
1200 100 400 0 327700 2100 6900 0 700 100 600 100 0 400 700 100 1200 1200 500 800 0 100 219600 3300 800 700 600 100 400 100 0 200 300 500 700 300 0 9300 200 100 0 0 900 1800 200 500 1900 300 200 100 200 0 0 0 0 100 54700 400 200 100 0 900 0 500 500 0 200 1400 300 0 500 200 0 300 0 0 0 0 0 0 0 0 0 0 100 0 0 200 0 100 100 200 119900 0
100 1300 200 327400 1300 500 0 6800 600 0 100 300 0 300 600 0 1100 1100 400 700 0 100 600 218600 2300 100 0 500 0 300 0 100 200 400 600 200 0 8100 900 100 0 0 700 1700 100 400 1800 200 100 0 100 0 100 500 600 700 53400 300 300 100 0 300 400 300 0 400 100 1300 200 300 0 100 100 0 0 0 0 0 0 0 100 0 100 100 300 100 100 300 0 100 200 300 119300 100
0 175300 326500 800 300 300 0 2200 4400 500 0 100 0 200 500 800 100 1000 300 600 0 100 300 218500 600 2000 100 0 400 300 200 0 100 300 500 100 0 7900 600 100 0 0 500 1600 0 300 1700 100 0 0 0 100 200 0 100 52400 600 100 200 200 0 200 200 0 200 300 0 1200 100 200 0 0 0 100 0 200 100 0 200 100 0 200 300 200 0 400 400 400 100 0 200 117700 0 900
173500 150900 0 700 100 0 200 1000 1000 4300 400 0 0 100 400 700 0 900 200 500 0 100 0 217700 0 500 1700 1400 700 100 200 100 0 200 400 0 300 7400 400 0 0 200 100 1500 0 100 1600 0 0 0 100 200 300 400 500 51500 500 0 0 100 100 100 0 0 100 200 900 100 0 100 0 0 0 0 300 400 200 0 400 200 100 300 400 0 300 87100 87800 88500 88800 0 100 117300 0 700
100 150400 300 300 200 0 100 300 500 900 4200 200 100 0 300 600 500 200 100 400 0 100 213300 4100 2500 2400 400 100 500 400 0 100 0 100 300 200 5600 400 1100 300 0 100 0 1400 0 200 1000 0 0 0 100 200 300 400 500 50800 300 200 100 0 0 0 0 0 100 400 300 0 0 0 0 100 300 500 600 400 500 300 73100 74500 75000 76000 76700 85500 85700 200 0 0 26600 116200 116600 100 0 200
600 149600 100 200 200 100 0 200 400 800 600 3400 100 0 200 500 400 100 0 300 0 300 212600 1400 400 100 2300 300 0 400 300 100 0 0 200 100 5500 300 500 400 100 0 0 1200 0 0 900 0 0 200 300 400 500 600 5900 4600 40000 500 400 300 200 100 0 0 100 100 200 0 100 0 100 100 0 0 0 800 71800 72900 700 0 0 100 0 8500 0 100 0 200 26200 400 0 100 0 100
400 149300 0 0 100 100 0 100 300 700 500 2800 200 0 100 400 300 0 200 100 200 0 212500 800 100 100 0 2200 200 100 300 0 0 0 0 0 5400 200 400 200 0 0 600 300 0 600 0 0 100 1600 2800 4000 4600 5100 2300 2100 38700 500 400 300 200 100 0 0 0 100 200 500 600 900 1100 1400 1700 100 100 69700 300 100 300 200 0 0 8100 100 0 0 0 300 25500 100 300 100 0 0
700 148300 0 100 0 0 0 0 200 600 400 2400 200 100 0 300 200 100 0 0 100 200 212300 400 0 0 0 0 2000 0 0 200 0 0 200 5300 4200 500 100 300 100 0 400 100 0 500 0 600 1300 1000 1000 400 300 2200 1900 0 38000 500 400 300 200 100 0 0 0 100 100 0 100 200 300 400 0 1800 68900 400 200 0 200 100 0 100 7900 100 0 0 200 200 24500 500 0 0 0 0
300 147000 600 300 200 100 0 0 0 500 300 1100 1100 100 0 200 100 0 0 100 200 300 211900 0 300 200 100 0 100 1600 1300 1000 0 0 100 400 1000 2400 400 0 200 0 300 0 100 200 400 500 900 900 300 200 2100 1000 700 200 36300 1200 1100 1000 400 300 200 0 0 0 0 100 0 100 200 300 500 65700 900 200 0 100 100 0 0 100 7400 100 0 0 100 300 24200 100 400 200 0 0
300 1300 145100 400 300 200 100 0 0 300 200 1000 800 100 0 100 0 0 100 200 300 400 211300 500 300 200 100 0 0 0 100 100 900 0 0 200 400 400 2300 300 0 100 200 0 100 300 400 800 800 200 100 2000 900 600 100 15500 0 20500 0 0 400 300 200 100 0 0 100 200 500 600 0 100 600 64200 600 100 100 0 0 0 100 200 6600 100 0 0 200 100 22800 600 0 0 0 0
300 800 1100 143300 400 300 200 100 0 200 100 900 500 100 0 0 100 200 300 400 500 600 209400 0 0 100 0 100 0 100 0 0 0 800 0 0 300 300 100 2000 100 0 100 0 200 300 700 700 100 0 1900 800 500 0 0 15300 0 800 19300 600 500 400 300 200 0 0 100 200 300 400 1200 1300 63500 500 300 100 0 0 0 100 800 5800 200 100 0 100 0 0 22000 500 500 0 0 100
700 200 700 142200 400 300 200 100 0 100 0 800 200 100 0 0 0 100 200 300 400 500 208600 0 200 0 200 100 200 0 700 600 500 400 700 0 100 200 0 1800 0 0 0 100 200 600 600 0 900 1800 700 400 0 300 15000 100 0 600 17900 400 300 200 100 0 0 0 100 200 300 400 500 61300 600 200 100 200 0 0 200 500 400 4300 400 100 0 0 200 21700 100 400 200 0 0 300
100 600 0 600 141300 400 300 200 100 0 0 500 100 100 0 0 100 200 300 400 500 144500 100 63600 61900 2600 200 300 1100 900 0 200 100 0 300 600 0 100 200 500 800 0 0 100 500 500 300 800 700 600 100 100 100 0 14500 0 0 400 16200 1500 1200 400 100 0 0 0 100 200 300 400 60100 400 300 100 100 0 100 0 100 300 300 3200 0 300 0 100 200 21000 0 300 0 0 100 0
200 200 200 200 140700 300 200 100 0 0 0 100 200 0 0 0 100 200 300 400 2300 140500 800 0 1500 58800 1800 1300 0 700 600 200 100 0 100 0 500 0 100 400 500 0 0 400 400 200 300 600 500 0 0 0 0 100 14000 0 0 200 8900 7100 100 600 100 0 0 200 300 400 500 600 59500 100 100 200 0 0 0 0 200 200 300 2600 0 200 0 100 200 20400 100 100 0 0 100 200
100 100 100 0 139000 1000 900 800 700 500 300 100 0 100 0 100 200 800 1500 1700 139800 500 0 600 1000 300 58700 1000 900 0 200 100 0 0 0 0 200 100 0 100 100 400 300 300 100 200 0 400 400 0 100 200 300 13600 100 0 100 3200 5500 6700 200 0 500 0 0 100 200 300 1700 1800 56700 0 0 0 100 0 0 100 100 200 1500 800 0 100 0 100 900 20300 0 0 0 0 0 100
