data/arenosa/flowacum_m2.asc
ncols         435
nrows         456
xllcorner     891236.30040912
yllcorner     1168994.6457458
cellsize      10
NODATA_value  -9999
[rows 205 to 245 of 456, columns 94 to 187 of 435]
0 0 0 100 74600 64000 400 300 200 100 0 0 0 0 100 300 400 500 0 139300 300 0 300 500 900 200 100 57300 500 400 0 200 100 100 0 0 0 0 0 0 0 300 200 200 0 100 300 300 400 500 600 700 2300 10700 0 0 3100 0 5300 6500 0 100 200 0 0 200 500 1200 100 700 1400 55100 400 300 200 100 0 0 100 200 1100 200 400 0 0 800 100 19100 0 100 0 0 200 400
0 0 100 74400 0 61800 1500 500 400 300 200 100 0 0 0 100 400 300 800 138300 100 0 200 400 800 100 0 1100 55400 1500 1100 700 600 300 100 0 0 0 100 0 0 100 100 100 0 200 200 300 400 1000 1100 1400 8500 1900 0 0 2900 0 5100 6100 200 0 0 100 0 100 500 0 400 400 0 54500 1400 700 200 100 0 0 100 700 200 100 200 0 700 0 200 18200 400 100 0 0 0 100
600 72100 73600 400 0 61500 0 800 700 600 500 400 100 0 0 100 200 300 137000 100 900 0 100 300 700 0 900 0 4200 49400 200 100 0 0 300 100 500 300 0 100 0 0 0 0 100 100 200 300 400 0 100 300 8000 1700 0 0 2700 100 4800 2100 3800 0 0 0 0 100 200 300 300 400 600 52900 0 500 300 200 0 0 300 200 100 0 100 600 0 100 700 2100 14800 300 200 0 0 100
71200 800 400 300 0 60800 500 400 300 200 100 0 100 0 0 100 200 300 136500 0 600 100 0 200 600 0 700 1200 800 1900 49300 200 100 500 0 1200 500 400 300 0 0 0 0 0 0 100 200 300 0 100 200 7800 0 1500 0 2600 0 1300 3300 2000 100 3500 200 0 0 100 200 200 300 0 200 52000 700 600 400 300 0 0 100 100 0 0 500 400 500 600 2000 200 14300 100 0 0 0 100
0 700 300 200 0 100 60300 1900 1800 1700 300 200 100 0 0 100 200 200 136000 0 300 100 0 100 500 500 0 1100 700 800 900 48900 47400 45900 1300 0 0 300 200 100 100 100 100 0 0 100 200 0 100 200 7100 500 200 600 400 2500 0 1100 3200 1900 0 1100 1800 0 0 100 100 200 0 100 0 50400 200 100 500 0 200 100 0 0 0 400 300 500 1400 1900 100 0 13300 300 200 100 0 0
0 600 200 100 0 500 57700 400 300 200 1200 700 300 0 0 100 100 200 135400 100 0 200 0 0 400 400 0 900 600 700 800 900 300 700 44400 700 400 0 1100 1000 700 400 100 0 0 100 200 300 400 500 6100 400 100 500 300 2400 900 0 3100 1800 100 800 1500 100 0 0 100 200 300 400 1800 50100 100 0 0 300 200 100 0 0 200 200 400 700 100 100 0 1200 11500 200 100 0 0 0
100 500 100 0 400 200 2000 54900 100 0 100 300 200 100 0 0 100 200 500 134400 0 200 100 0 200 300 400 300 500 600 700 800 200 400 100 43500 1400 1200 0 0 300 200 100 0 0 100 0 300 800 1300 4600 300 0 400 200 2300 800 1600 1300 1700 0 700 1100 200 0 0 100 0 100 1200 300 2200 45400 400 300 200 100 0 0 0 100 300 600 0 0 0 1100 200 10200 800 300 200 100 0
0 400 0 300 100 200 1600 54600 600 500 400 0 200 100 0 0 100 200 100 133700 400 0 100 0 100 200 300 200 400 500 600 700 100 300 0 600 41200 300 100 400 300 200 100 0 0 0 100 300 300 0 4400 100 0 300 100 2200 700 1500 1200 1500 0 600 700 200 100 0 0 100 900 200 2100 4800 39300 500 400 300 200 100 0 0 200 500 0 300 400 900 100 0 10100 300 200 100 0 0
100 300 200 0 100 300 800 53100 600 100 0 300 200 100 0 0 100 0 400 700 132300 100 0 0 0 100 200 100 300 400 500 600 0 200 400 0 800 39800 1500 900 400 300 200 100 0 0 200 200 200 1800 2200 100 0 200 0 2100 600 1400 1100 1100 200 500 600 100 0 100 200 600 100 2000 1200 3400 100 39000 400 300 200 100 0 100 300 0 100 200 300 0 0 700 8600 1200 600 300 100 0
0 200 100 0 200 300 300 52900 0 300 200 100 0 100 0 0 100 300 0 500 132000 300 200 100 0 0 100 0 200 300 400 500 100 0 200 300 300 37700 300 200 100 0 200 100 0 0 100 100 400 900 1900 100 0 100 0 1900 500 1300 1000 1000 100 400 500 0 0 100 200 0 1900 1100 2500 700 0 37900 400 300 200 100 0 0 200 0 100 200 300 400 500 0 7700 200 100 100 0 0
0 100 0 100 200 200 100 51900 800 700 600 500 400 300 0 0 0 0 400 300 131000 0 0 0 0 0 0 0 100 200 300 400 0 100 200 200 0 3700 33800 800 700 600 200 100 0 0 0 300 0 700 600 1100 0 0 700 1000 400 1200 900 900 0 300 0 300 0 400 1500 1800 1000 2400 200 300 0 100 37500 600 500 400 300 0 100 0 100 200 600 700 800 1400 5700 200 100 0 0 0
0 0 0 100 100 0 0 500 50900 900 300 200 100 0 200 0 0 200 200 300 300 130100 100 100 100 100 0 0 0 100 200 300 0 100 100 100 200 3200 32400 300 200 100 0 100 0 0 0 100 0 500 500 800 100 400 100 900 300 1100 800 700 0 200 0 100 300 900 100 900 500 1700 100 200 0 0 36000 500 400 300 200 100 0 0 100 200 200 300 400 4600 700 100 100 0 0 100
400 100 0 0 100 200 300 400 49800 0 400 300 200 100 0 0 0 100 200 200 700 800 128000 200 200 500 300 100 0 0 100 200 0 0 0 0 100 2900 31300 900 800 700 600 300 200 0 0 0 0 300 400 700 0 300 0 800 200 1000 700 300 200 100 0 200 800 0 800 400 1300 200 0 100 400 800 1200 34600 400 300 200 100 0 0 100 100 600 800 3400 1000 0 500 0 0 0 100
100 100 0 0 200 300 400 500 49000 1400 1300 1000 900 600 100 0 0 100 100 600 500 100 300 127000 600 0 100 0 100 0 0 100 0 100 200 700 1100 1600 2000 29100 300 200 100 0 0 100 0 0 0 100 300 500 0 200 300 300 100 900 600 200 100 0 100 700 300 700 300 300 800 100 0 300 200 100 0 34000 200 100 0 100 0 0 0 500 0 400 1900 500 300 200 100 0 100 200
100 0 0 100 0 100 200 3000 44300 100 0 100 0 100 300 0 0 0 500 400 0 200 100 400 125200 600 300 200 0 0 0 0 0 200 300 200 1500 1600 200 1900 26600 800 700 600 400 100 300 100 0 0 200 200 100 100 200 200 0 800 500 100 0 0 600 200 200 200 200 200 400 0 200 100 0 0 100 33400 1000 900 200 100 0 0 400 0 300 1400 300 400 200 100 0 200 300 400
100 0 0 100 200 800 1900 600 43500 400 300 200 100 0 0 100 0 0 300 300 100 0 300 400 124300 800 700 600 400 200 0 0 0 0 100 300 1000 1500 100 1800 400 25100 100 0 500 400 100 0 100 0 100 100 0 0 100 100 300 300 400 0 0 500 100 100 100 100 100 100 100 100 0 0 100 200 31100 300 600 200 500 200 0 0 100 100 200 1000 200 300 100 0 100 0 100 200
100 0 0 100 400 900 200 200 42600 700 600 500 400 300 200 100 0 0 100 200 0 200 300 400 400 121800 700 600 500 400 300 100 0 0 200 900 1400 0 1200 400 300 22800 1900 1100 400 300 0 200 0 0 0 0 0 0 0 200 200 300 100 200 300 0 0 0 0 0 0 0 0 0 0 100 200 300 30700 200 200 200 100 100 100 0 0 100 200 600 100 200 0 0 0 100 600 800
0 0 0 100 800 100 100 1600 600 40100 1100 1000 900 800 700 600 200 0 0 100 100 200 300 300 100 120900 600 500 400 300 200 100 0 0 100 600 1300 1100 300 0 100 700 21900 600 500 400 300 100 400 200 0 0 0 0 100 100 200 0 0 0 0 0 0 0 0 0 0 0 0 0 100 0 100 200 29600 200 100 100 100 0 0 0 0 100 200 200 0 100 0 100 200 300 0 0
200 0 0 700 0 0 1500 300 100 38800 500 400 300 200 100 0 200 0 0 0 100 200 200 0 500 2500 117300 700 600 500 400 100 0 0 100 300 1200 1000 200 0 400 100 800 20900 1600 1500 1400 1100 500 400 300 100 200 0 0 100 0 0 0 100 100 100 100 200 100 100 0 100 100 100 100 200 0 28800 100 100 100 0 0 0 0 0 0 0 0 100 0 0 100 200 0 0 0 0
100 0 600 0 200 1400 200 0 100 37400 600 500 400 300 200 100 0 100 0 0 100 100 300 400 0 1800 116400 300 200 100 0 100 0 0 0 100 1100 900 100 300 0 200 400 17300 1700 1600 1500 1400 1300 900 500 400 0 0 0 0 0 100 100 100 200 200 200 200 500 200 100 200 200 0 200 200 27500 1000 100 0 0 0 0 100 0 100 100 0 0 0 100 200 0 100 500 2200 2600 2900
100 0 500 0 100 800 100 0 700 2500 34500 1900 1800 1700 1300 300 200 100 0 0 0 200 0 100 200 1300 115900 600 500 400 300 200 100 0 0 100 800 800 0 200 100 0 200 500 16600 900 800 100 0 200 200 0 0 0 0 0 100 100 200 200 500 300 0 300 300 900 200 0 600 0 26000 26800 300 100 100 0 0 0 100 200 300 200 0 0 0 0 100 300 800 1100 1400 100 0 100
400 0 400 0 100 500 0 600 0 1600 32400 300 200 100 200 800 300 200 0 0 100 0 100 200 1200 0 114300 600 500 400 300 200 100 0 0 200 400 600 0 100 0 100 300 0 15000 400 300 500 400 100 100 0 0 200 0 100 100 200 200 300 300 600 500 600 21200 23200 23900 24400 25400 25700 200 0 100 0 0 0 0 200 200 108500 900 100 100 100 0 0 0 0 100 0 0 0 0 0
0 300 300 0 300 0 500 500 1000 300 31900 200 100 0 0 100 300 100 0 0 100 200 300 800 0 100 113300 600 500 400 300 200 100 0 0 0 300 300 100 0 0 200 100 300 13700 700 500 200 100 100 0 0 0 100 300 100 200 200 300 700 17300 18500 19600 20000 200 100 200 200 100 100 0 0 0 0 0 0 0 500 107800 0 109800 200 200 100 100 0 0 0 0 200 400 500 600 700
0 200 200 0 100 400 400 300 200 200 30700 400 300 200 100 0 0 0 0 0 100 200 300 0 100 37000 113200 2900 2800 2700 2200 1600 1400 300 200 0 100 200 0 0 100 0 0 0 12800 600 0 400 100 0 0 0 0 100 200 400 700 300 700 16000 300 200 200 200 100 0 100 100 0 0 0 0 0 103700 104200 0 0 107700 0 0 0 110500 200 200 100 100 0 0 0 0 0 100 200 0
0 100 100 0 300 300 200 100 100 1300 3100 26000 600 500 400 300 200 0 0 100 200 0 0 0 36700 200 73000 300 200 100 300 400 0 900 200 100 0 100 0 100 500 600 700 2700 9500 300 500 200 100 0 0 0 100 300 200 600 12000 14400 14800 200 200 100 100 100 0 0 0 0 100 200 300 103100 103500 100 0 104900 106500 0 100 0 100 300 111200 200 0 300 0 100 0 0 0 0 100 300
100 0 0 200 200 100 0 0 1200 500 2400 24600 500 400 300 200 100 0 0 100 200 300 500 36500 100 0 71000 1000 700 0 0 200 300 200 200 100 0 0 100 200 200 1200 1800 600 8400 200 200 100 100 0 0 100 300 0 500 11200 800 500 200 100 100 0 0 0 0 0 0 0 100 0 102100 200 100 0 200 0 1200 100 0 0 300 400 900 111700 0 500 0 200 100 0 100 100 0 200
100 0 100 100 0 200 300 1100 400 500 1700 400 24000 400 300 200 100 0 0 100 0 400 35400 200 0 100 69900 700 100 500 100 0 100 200 100 100 0 0 0 100 800 400 500 600 7400 100 100 100 0 0 0 200 300 1100 10500 300 300 400 100 0 0 0 0 0 0 100 100 100 200 200 101900 100 100 0 100 0 900 0 0 100 200 500 800 1000 111900 600 400 0 200 100 0 200 200 400
0 0 0 0 100 200 600 300 400 1600 200 0 22700 600 200 100 0 0 0 0 200 34700 0 100 0 100 69800 0 600 0 200 100 0 0 100 0 0 100 200 700 300 400 200 200 7300 0 0 0 0 0 0 100 200 8800 300 200 200 300 0 0 100 0 100 100 100 100 400 700 800 99900 100 1100 0 0 0 300 300 0 0 100 100 100 100 1200 1100 112700 500 100 300 200 100 300 0 0
200 100 0 0 100 200 200 300 1400 0 100 0 21800 600 200 100 0 0 0 100 300 33900 100 0 0 0 69200 100 0 500 400 300 200 100 0 0 0 100 300 200 300 100 100 900 5700 300 200 0 0 0 100 200 8000 600 200 100 100 200 0 100 200 500 900 0 2000 2400 2600 2700 2800 95700 200 0 1000 300 0 200 100 0 0 0 0 0 0 0 1800 3100 112800 800 400 300 200 400 100 0
400 100 0 0 100 100 200 300 900 0 500 20000 1300 200 500 200 0 0 200 400 33100 200 100 0 0 200 500 68100 0 600 500 400 300 200 100 0 0 0 100 200 0 0 800 300 4400 700 100 0 0 200 400 7100 400 500 100 0 0 100 100 200 300 400 1500 1600 0 0 0 100 94500 200 400 100 300 100 100 0 0 0 0 0 0 100 200 300 0 100 3400 112900 900 900 300 500 200 200
600 100 0 0 0 100 200 300 400 400 0 19000 100 1200 100 100 0 0 100 200 32200 200 100 0 0 100 200 67900 1500 700 600 500 400 300 200 100 0 0 100 100 400 700 200 600 3600 300 0 0 0 800 5900 500 300 0 300 0 0 0 0 100 200 800 1000 1100 0 100 26400 93300 400 300 100 300 0 200 0 0 0 0 0 100 100 0 100 200 300 400 500 4100 113000 1000 1400 600 300 300
300 500 200 0 0 100 200 300 300 100 18400 400 0 700 300 0 0 0 0 30500 900 200 100 0 0 100 200 600 65200 400 300 200 100 0 0 100 0 0 0 100 100 100 500 2700 700 100 0 0 600 3800 1000 400 0 100 100 0 0 100 200 300 400 0 0 100 25700 26100 0 66700 800 300 200 0 200 0 0 0 100 0 100 100 200 200 0 100 200 300 0 0 4300 113100 228600 229500 230000 400
300 200 100 0 0 100 200 200 0 600 17400 200 0 100 400 200 0 200 400 29800 700 0 100 0 0 100 200 200 64000 500 400 300 200 100 200 0 100 0 0 0 0 400 1500 1000 300 200 0 400 0 3600 900 0 200 0 0 200 300 400 500 600 700 800 0 24200 100 0 0 65400 0 700 200 100 0 0 0 100 100 200 300 200 0 300 300 0 0 100 400 600 1200 112500 100 0 100 230400
300 200 100 0 0 100 100 300 500 0 16900 200 100 0 300 100 0 200 700 28800 0 600 300 0 0 100 100 200 900 62600 0 100 0 300 100 200 0 0 0 100 300 200 1100 900 200 0 0 300 1100 2300 600 100 0 0 100 0 700 800 900 1000 1900 2000 3000 20900 0 0 500 64600 0 200 300 100 0 0 100 200 500 800 1200 700 500 0 0 400 100 0 300 400 106100 500 0 0 0 0
500 200 100 0 0 0 200 0 0 15700 700 200 100 0 200 0 100 300 100 28200 400 300 100 200 0 0 100 500 200 62000 300 0 1700 1200 900 500 300 100 0 0 100 300 600 800 0 0 200 1000 600 1500 100 300 0 0 300 500 100 200 500 700 0 100 200 20400 0 0 200 64500 0 100 0 100 0 0 100 200 700 800 2500 3900 5400 100 100 0 500 200 103800 105800 100 100 200 300 400 600
100 400 100 0 0 100 0 0 100 15300 200 300 100 0 100 0 200 0 400 27400 400 100 200 0 100 0 400 100 300 300 61100 1900 0 0 0 300 200 100 0 0 0 100 500 200 400 100 400 400 500 1400 0 100 0 200 0 0 0 100 0 0 100 200 19900 100 100 0 0 64300 400 100 0 0 0 100 200 300 0 1500 200 300 400 6200 200 0 100 103400 1500 200 0 0 100 200 0 5600
100 0 300 0 100 200 300 500 14100 700 200 100 200 0 0 100 0 300 0 26600 0 100 0 100 0 300 0 200 200 100 100 58600 100 1100 900 400 300 200 100 0 0 100 200 100 300 0 300 300 400 500 700 0 100 0 100 200 0 0 0 0 100 19200 200 0 0 0 62800 600 100 100 0 0 300 400 900 1100 1300 100 100 300 400 500 6900 7300 102500 900 400 0 0 0 0 0 0 5400
900 0 200 0 100 200 500 600 12700 300 200 100 0 100 0 0 100 0 200 26000 100 0 0 0 0 100 100 100 0 0 0 58300 1600 300 200 100 0 0 0 0 0 0 100 0 200 200 0 100 300 400 600 0 0 0 100 0 300 100 300 100 18500 300 0 0 0 100 62400 300 100 0 0 100 100 300 0 0 0 0 0 0 100 200 300 94700 100 800 200 0 0 0 0 100 4800 100
500 200 100 0 0 100 0 11700 300 400 200 100 0 0 100 200 0 0 0 24900 800 200 100 0 0 0 0 0 0 0 22600 0 33600 100 0 0 1200 1000 800 600 400 300 200 0 100 100 0 200 300 0 400 0 100 100 0 200 100 400 500 17600 500 0 100 0 100 61200 800 100 200 0 0 0 0 0 0 0 0 0 0 100 200 300 93600 500 0 700 0 0 100 500 1000 4300 0 0
400 100 0 200 600 700 800 10600 100 0 300 100 0 0 0 100 500 1400 1500 22900 200 400 200 0 0 0 0 0 100 22200 100 0 31500 1600 1500 1300 600 500 400 300 200 100 0 100 0 0 100 200 100 300 0 100 200 200 200 100 500 2500 16400 0 300 0 0 0 100 60700 200 400 0 100 0 200 300 400 100 100 300 500 100 0 100 600 93100 0 300 500 0 0 100 200 600 0 2300 200
300 0 100 200 0 100 8400 700 1200 0 100 0 0 100 300 500 600 0 22300 100 200 100 0 0 0 100 100 400 21300 400 0 0 400 30800 900 800 0 0 500 400 300 200 100 0 0 0 100 0 0 0 100 200 300 700 1100 1500 1600 13400 0 100 100 0 0 100 60300 200 0 0 300 0 0 0 0 0 500 200 300 0 600 200 300 90000 1600 500 100 0 400 0 100 500 300 1300 500 100
