data/arenosa/flowacum_m2.asc
ncols         435
nrows         456
xllcorner     891236.30040912
yllcorner     1168994.6457458
cellsize      10
NODATA_value  -9999
[rows 246 to 286 of 456, columns 94 to 187 of 435]
200 0 100 300 900 1600 6400 300 200 1100 100 0 0 0 0 0 600 800 20600 500 0 100 0 0 100 300 600 20500 100 0 200 200 0 300 29300 200 100 600 0 0 200 100 0 0 0 0 0 100 0 0 0 0 0 100 200 300 13000 100 0 0 0 0 100 200 59700 0 0 100 0 0 0 0 100 100 100 600 0 400 100 75700 89600 200 300 1100 400 0 300 0 400 200 100 600 100 0
100 0 200 400 500 600 5600 200 100 700 0 0 100 200 300 400 0 0 20400 0 400 100 0 0 100 500 1300 18300 0 0 100 100 0 100 500 28300 1500 700 500 300 0 0 100 200 0 0 0 100 200 100 100 300 500 600 700 12000 200 100 0 0 100 200 300 59300 100 0 0 0 0 100 300 500 100 200 200 200 700 900 74700 0 13600 100 200 900 0 300 200 300 100 0 200 200 0 0
0 100 300 400 500 4000 1400 100 0 300 200 0 100 200 300 2100 2200 2300 17300 400 200 100 0 0 200 0 600 18100 0 0 0 0 0 100 200 2600 23900 500 400 300 100 200 700 300 200 0 0 100 400 800 1100 1200 1300 1400 10600 200 100 100 0 0 100 200 58300 300 0 0 100 200 100 200 300 0 600 200 600 300 72000 72700 300 0 13500 0 100 700 0 200 100 200 0 100 100 0 100 200
0 200 300 400 400 3400 500 700 0 200 100 0 0 100 1600 500 600 5700 11300 0 0 100 0 0 100 400 300 17200 200 0 100 0 0 100 200 2200 1100 22000 1700 1600 1500 1100 200 100 0 0 100 200 300 400 500 600 700 800 7900 100 100 0 0 0 0 100 57700 100 0 0 100 200 600 0 0 400 100 700 68100 71200 100 300 200 0 12200 1000 0 500 0 100 0 100 0 0 0 100 200 300
100 200 300 300 300 2900 100 200 600 100 0 200 600 1300 400 0 1300 3500 10500 600 0 0 0 0 100 200 300 16000 600 500 200 0 0 100 600 1400 1000 200 19800 100 0 300 200 100 0 0 0 100 200 300 400 500 600 7300 200 100 0 0 0 0 200 57200 0 200 0 0 0 100 200 1000 100 300 65900 67200 200 1900 0 200 100 0 11900 500 300 200 100 0 0 0 100 0 0 100 0 0
100 200 200 200 1100 1600 0 100 500 0 100 200 500 300 400 1100 0 3300 9900 400 400 200 0 0 100 200 100 13200 2400 500 300 0 0 500 1100 100 900 100 100 19300 800 300 200 100 0 0 200 300 400 500 600 700 3100 3100 100 100 0 0 100 300 55900 600 100 0 0 0 100 200 300 0 1200 64700 1000 0 100 600 1100 100 0 0 11700 100 200 200 100 0 0 100 200 500 100 0 22300 23000
100 100 100 100 800 100 1300 0 400 0 100 400 200 300 500 300 700 2400 9400 300 300 0 0 0 100 0 500 12500 1500 100 0 200 400 500 400 0 800 0 0 17800 400 300 200 100 0 0 100 200 500 600 700 2200 2600 100 100 0 0 0 100 200 55100 0 400 0 0 100 200 300 400 400 500 62700 0 800 0 500 1000 0 0 100 10100 1200 0 100 100 0 0 100 200 300 1000 21900 100 100
0 0 0 100 500 0 300 800 300 0 300 100 200 400 200 200 900 1300 9100 100 200 100 0 0 0 400 0 12300 1100 200 0 100 300 400 300 0 600 0 300 16200 1000 400 300 200 100 0 0 100 0 700 1300 1400 800 100 0 0 0 100 200 54400 300 100 100 100 0 100 200 300 0 600 61800 0 600 700 0 300 800 0 0 100 9400 300 1100 300 0 0 100 400 500 600 20300 100 0 0
0 0 0 0 0 200 200 700 200 200 0 100 300 100 100 800 500 600 7200 1700 0 100 0 0 200 200 300 11800 600 300 100 0 200 300 200 400 0 100 500 15400 0 400 300 200 100 0 0 100 500 400 300 900 500 100 0 0 100 200 300 53600 200 0 0 0 0 100 200 300 400 60600 200 0 500 600 100 0 700 0 100 9200 0 200 500 0 200 0 100 0 100 1100 19500 0 0 200
-9999 400 100 0 0 0 100 600 100 100 0 200 0 0 700 400 500 600 4600 1700 1600 200 0 0 100 400 700 10200 600 500 200 0 100 200 100 300 0 400 100 12600 2600 1300 900 600 100 0 0 200 300 200 500 200 200 100 0 0 100 200 53000 300 0 100 0 400 500 600 700 800 1300 60000 0 100 400 500 0 500 0 0 100 8100 500 100 300 0 100 0 0 100 800 200 17700 0 100 0
-9999 -9999 -9999 -9999 -9999 -9999 0 500 0 0 100 100 300 600 300 400 500 500 3900 1600 1000 100 0 0 300 100 200 9600 100 500 400 100 0 100 0 200 300 0 0 12200 700 300 200 100 300 0 0 200 100 100 200 100 100 0 0 0 0 52200 300 0 100 0 200 0 100 200 300 400 500 58400 100 0 300 400 0 300 0 400 6900 1000 0 300 0 200 0 100 200 500 100 0 17400 0 0 0
-9999 -9999 -9999 -9999 -9999 -9999 -9999 -9999 400 0 0 0 100 200 300 400 400 800 2900 1500 0 800 0 200 0 100 300 8900 100 0 400 300 0 0 100 200 100 200 300 11700 300 200 200 100 0 100 100 0 0 0 0 0 0 0 0 200 51600 300 100 0 0 100 0 100 200 300 400 500 600 56600 100 0 200 300 0 100 200 0 6200 600 200 100 0 100 0 0 100 0 0 17000 100 0 0 100
-9999 -9999 -9999 -9999 -9999 -9999 -9999 -9999 -9999 300 0 0 100 200 300 300 700 0 2700 1300 0 300 300 100 0 200 400 8000 200 0 300 100 0 0 100 0 0 100 200 11300 300 200 100 100 0 0 0 0 0 0 0 0 0 0 100 50600 400 100 0 0 0 0 0 100 0 100 200 300 55500 200 600 0 100 200 0 100 0 100 5900 0 400 100 0 0 0 100 200 300 1600 15000 0 0 0 100
-9999 -9999 -9999 -9999 -9999 -9999 -9999 -9999 -9999 -9999 100 0 100 200 200 200 300 300 2200 1000 100 200 200 0 100 100 100 7600 200 100 100 0 0 0 0 100 200 300 10400 0 200 200 100 0 0 0 100 200 400 100 100 300 47800 49300 49800 400 200 0 0 0 0 0 200 0 300 400 500 7000 47600 200 100 500 0 100 0 200 600 5400 200 0 200 0 0 0 100 200 300 1100 14600 0 100 0 100 900
-9999 -9999 -9999 -9999 -9999 -9999 -9999 -9999 -9999 -9999 0 0 100 100 100 200 200 600 1400 900 0 100 100 0 0 0 0 7200 100 100 0 0 0 0 100 200 300 400 9900 500 300 100 100 0 0 0 100 200 0 500 44100 47200 100 900 300 0 200 100 0 0 200 400 500 900 1000 1100 6300 47300 0 0 100 0 400 0 100 200 300 3900 200 100 0 0 0 100 200 300 600 14100 100 100 0 500 600 200
-9999 -9999 -9999 -9999 -9999 -9999 -9999 -9999 -9999 -9999 -9999 0 0 0 100 100 300 100 1300 600 100 0 0 100 200 300 2200 4700 0 0 0 0 100 300 400 500 600 8200 200 100 0 200 0 0 0 200 300 0 400 43200 700 2100 0 800 0 100 100 0 0 200 300 400 500 600 700 5000 14800 0 32200 800 100 0 300 0 100 200 100 3400 100 100 0 0 100 200 0 100 13600 300 0 0 400 0 100 600
-9999 -9999 -9999 -9999 -9999 -9999 -9999 -9999 -9999 -9999 -9999 -9999 0 0 0 200 0 200 900 400 0 0 0 0 800 1700 3700 500 200 100 0 0 100 200 0 100 1000 6300 100 100 0 0 0 0 0 0 0 500 42400 0 600 700 1200 400 200 0 0 0 100 200 300 400 500 600 4100 14600 0 200 30900 300 100 0 200 0 100 0 1000 1800 300 0 0 0 100 200 600 13400 0 0 100 300 0 100 500 800
-9999 -9999 -9999 -9999 -9999 -9999 -9999 -9999 -9999 -9999 -9999 -9999 -9999 -9999 0 0 0 0 800 200 0 0 100 600 300 300 2400 1100 400 200 0 0 100 200 600 700 5600 100 100 0 0 0 0 100 0 100 300 41300 0 200 500 600 1100 300 0 0 0 100 200 300 400 500 600 3300 14400 0 100 29300 1400 200 200 0 100 0 100 900 1400 200 100 0 0 0 100 6300 8800 3600 0 0 200 0 100 200 700 0
-9999 -9999 -9999 -9999 -9999 -9999 -9999 -9999 -9999 -9999 -9999 -9999 -9999 -9999 -9999 -9999 -9999 0 600 0 0 100 300 200 200 300 1900 400 500 0 0 0 100 200 300 4900 300 100 0 0 0 0 200 0 200 400 37700 2900 0 100 400 500 1000 100 0 0 100 200 300 400 500 600 2500 14100 100 0 0 29100 700 200 100 100 0 0 600 500 700 100 0 0 100 300 6000 2000 200 2900 500 100 0 100 200 600 400 70600
-9999 -9999 -9999 -9999 -9999 -9999 -9999 -9999 -9999 -9999 -9999 -9999 -9999 -9999 -9999 -9999 -9999 -9999 -9999 500 0 0 100 100 200 1300 400 300 300 0 0 100 200 300 1800 2500 0 100 0 0 100 200 0 400 35100 37000 0 1600 1100 0 300 400 700 100 0 0 700 800 900 1000 1100 1700 13500 400 0 100 27500 1400 300 200 100 0 0 500 300 0 600 0 0 4700 5200 5500 1600 200 100 2800 400 0 0 100 200 300 400 69500
-9999 -9999 -9999 -9999 -9999 -9999 -9999 -9999 -9999 -9999 -9999 -9999 -9999 -9999 -9999 -9999 -9999 -9999 -9999 -9999 400 0 0 100 500 600 300 200 100 0 0 100 200 1300 1900 200 100 0 0 100 0 300 32400 34300 0 700 900 1400 0 1000 200 300 100 400 0 500 0 100 200 300 400 13300 0 300 0 0 27100 900 300 200 100 0 400 0 100 400 0 0 4500 200 0 100 1500 100 0 2700 200 0 0 100 200 300 700 68600
-9999 -9999 -9999 -9999 -9999 -9999 -9999 -9999 -9999 -9999 -9999 -9999 -9999 -9999 -9999 -9999 -9999 -9999 -9999 -9999 -9999 300 0 0 300 500 200 100 0 0 100 200 900 1500 200 100 0 0 100 200 500 31500 0 200 1400 600 800 1200 0 900 100 200 0 300 400 0 0 100 200 300 13000 100 100 0 0 100 26800 700 0 200 100 0 300 0 0 200 0 4100 100 100 0 300 1000 0 100 2400 0 0 0 100 200 600 68300 100
-9999 -9999 -9999 -9999 -9999 -9999 -9999 -9999 -9999 -9999 -9999 -9999 -9999 -9999 -9999 -9999 -9999 -9999 -9999 -9999 -9999 -9999 200 0 100 400 100 0 200 300 400 500 1100 200 100 0 0 100 200 300 30500 0 100 100 1300 500 700 1000 0 800 0 100 200 300 400 0 200 300 3000 4000 8400 0 0 0 100 200 25900 400 600 200 100 0 200 0 100 200 300 3500 0 0 200 100 700 0 2000 100 0 200 300 400 500 67400 700 0
-9999 -9999 -9999 -9999 -9999 -9999 -9999 -9999 -9999 -9999 -9999 -9999 -9999 -9999 -9999 -9999 -9999 -9999 -9999 -9999 -9999 -9999 100 0 0 200 0 100 100 300 500 800 100 100 0 0 0 100 0 29500 100 200 0 0 1200 400 600 600 200 700 0 100 200 300 0 600 700 2500 800 8100 0 0 0 100 200 24300 1100 200 300 200 100 0 100 0 100 0 2600 600 0 100 0 500 0 300 1500 0 100 100 200 300 66900 300 0 500
-9999 -9999 -9999 -9999 -9999 -9999 -9999 -9999 -9999 -9999 -9999 -9999 -9999 -9999 -9999 -9999 -9999 -9999 -9999 -9999 -9999 -9999 -9999 0 0 0 0 0 0 0 0 0 0 0 0 0 200 300 28800 400 100 0 100 0 1000 300 500 500 100 600 0 100 200 400 500 600 1600 700 7500 200 100 0 100 200 300 23500 400 500 100 200 100 0 0 100 200 300 2400 500 0 0 100 200 200 300 1000 0 0 0 100 200 66100 0 100 400
-9999 -9999 -9999 -9999 -9999 -9999 -9999 -9999 -9999 -9999 -9999 -9999 -9999 -9999 -9999 -9999 -9999 -9999 -9999 -9999 -9999 -9999 -9999 -9999 -9999 0 0 0 0 0 0 0 0 0 0 100 0 28000 0 0 0 0 0 300 500 200 400 400 0 500 0 100 300 0 100 800 600 7300 0 100 0 400 1000 1100 22500 100 600 300 400 0 100 0 0 0 100 200 1900 200 0 0 100 100 200 800 0 0 100 200 300 65100 0 700 0 300
-9999 -9999 -9999 -9999 -9999 -9999 -9999 -9999 -9999 -9999 -9999 -9999 -9999 -9999 -9999 -9999 -9999 -9999 -9999 -9999 -9999 -9999 -9999 -9999 -9999 -9999 100 100 100 100 400 0 100 100 100 100 10900 27800 15800 0 0 0 0 100 400 100 300 300 200 100 0 200 0 100 500 500 6800 200 0 0 300 400 0 100 21200 300 0 500 200 300 100 0 0 100 300 400 800 100 100 0 0 100 200 400 0 100 200 300 400 64000 0 100 400 200
-9999 -9999 -9999 -9999 -9999 -9999 -9999 -9999 -9999 -9999 -9999 -9999 -9999 -9999 -9999 -9999 -9999 -9999 -9999 -9999 -9999 -9999 -9999 -9999 -9999 -9999 -9999 200 500 800 900 500 100 400 200 10000 300 100 600 15600 400 200 100 0 300 0 200 200 100 0 100 0 100 200 400 1700 4900 0 0 200 300 100 0 19500 700 100 200 200 100 100 0 0 0 0 0 200 300 0 0 0 0 100 100 100 0 100 200 300 62200 1400 100 0 300 100
-9999 -9999 -9999 -9999 -9999 -9999 -9999 -9999 -9999 -9999 -9999 -9999 -9999 -9999 -9999 -9999 -9999 -9999 -9999 -9999 -9999 -9999 -9999 -9999 -9999 -9999 -9999 0 100 200 300 1700 2400 2500 9300 0 200 0 500 14600 200 100 0 0 100 0 100 100 0 0 0 100 200 300 1600 4300 300 0 100 200 0 0 300 18700 100 600 0 100 100 0 0 0 0 100 0 0 0 0 0 0 0 0 0 0 100 200 300 61200 300 0 1300 0 200 0
-9999 -9999 -9999 -9999 -9999 -9999 -9999 -9999 -9999 -9999 -9999 -9999 -9999 -9999 -9999 -9999 -9999 -9999 -9999 -9999 -9999 -9999 -9999 -9999 -9999 -9999 -9999 -9999 0 100 200 500 1100 5300 600 0 100 0 300 300 14100 100 0 300 200 0 0 0 100 200 300 1300 1400 1500 4000 100 200 0 100 0 100 200 17100 1100 200 0 500 100 0 0 0 100 100 300 0 0 0 0 100 100 0 0 0 0 100 200 300 60300 100 0 200 900 0 0
-9999 -9999 -9999 -9999 -9999 -9999 -9999 -9999 -9999 -9999 -9999 -9999 -9999 -9999 -9999 -9999 -9999 -9999 -9999 -9999 -9999 -9999 -9999 -9999 -9999 -9999 -9999 -9999 0 200 400 400 100 3800 100 300 0 0 100 200 13200 500 400 100 0 100 0 0 0 100 800 0 100 3600 200 0 100 0 0 100 200 15400 1100 0 1000 100 100 0 0 0 0 0 200 600 100 100 100 100 200 200 100 0 100 100 0 0 59500 300 200 0 100 400 300 600
-9999 -9999 -9999 -9999 -9999 -9999 -9999 -9999 -9999 -9999 -9999 -9999 -9999 -9999 -9999 -9999 -9999 -9999 -9999 -9999 -9999 -9999 -9999 -9999 -9999 -9999 -9999 -9999 0 0 300 0 2400 900 200 0 200 0 100 0 2200 10800 700 400 300 200 0 0 200 500 0 100 1300 1900 0 0 0 0 100 200 1800 13100 0 900 700 100 0 0 0 0 100 100 600 0 900 200 200 200 600 0 200 100 0 200 200 400 58000 700 200 100 0 300 200 500
-9999 -9999 -9999 -9999 -9999 -9999 -9999 -9999 -9999 -9999 -9999 -9999 -9999 -9999 -9999 -9999 -9999 -9999 -9999 -9999 -9999 -9999 -9999 -9999 -9999 -9999 -9999 -9999 -9999 0 100 100 2100 700 0 100 100 0 0 300 2000 9900 300 200 100 0 0 0 100 200 300 1000 1600 0 0 1000 1100 1200 1300 1400 11500 700 600 800 400 100 0 0 0 100 100 400 500 700 1100 300 300 300 700 100 300 200 100 0 400 56100 0 1600 600 100 0 200 100 400
-9999 -9999 -9999 -9999 -9999 -9999 -9999 -9999 -9999 -9999 -9999 -9999 -9999 -9999 -9999 -9999 -9999 -9999 -9999 -9999 -9999 -9999 -9999 -9999 -9999 -9999 -9999 -9999 -9999 0 0 100 1800 0 500 0 0 0 100 900 500 9400 1700 300 200 100 0 0 100 0 500 1300 0 0 900 0 100 1200 1300 11100 200 600 500 700 0 200 0 0 200 400 700 800 10200 12900 15300 15500 16200 16800 40100 40400 41600 42400 42800 52900 53400 1900 0 1000 400 500 0 100 0 300
-9999 -9999 -9999 -9999 -9999 -9999 -9999 -9999 -9999 -9999 -9999 -9999 -9999 -9999 -9999 -9999 -9999 -9999 -9999 -9999 -9999 -9999 -9999 -9999 -9999 -9999 -9999 -9999 -9999 0 0 100 1400 0 300 0 100 400 800 400 700 7500 0 1200 200 100 0 0 100 300 900 100 0 800 200 300 900 0 1200 8300 100 500 400 200 300 100 0 100 200 300 7000 9200 700 1100 200 0 100 0 21900 600 100 100 0 9900 200 0 1800 500 300 300 400 0 200 0
-9999 -9999 -9999 -9999 -9999 -9999 -9999 -9999 -9999 -9999 -9999 -9999 -9999 -9999 -9999 -9999 -9999 -9999 -9999 -9999 -9999 -9999 -9999 -9999 -9999 -9999 -9999 -9999 -9999 -9999 0 100 1000 0 200 0 100 200 300 600 100 5700 500 400 800 300 100 0 0 400 300 0 700 100 300 400 200 1000 7200 900 0 400 300 100 200 0 0 100 200 6500 2000 600 0 900 100 0 0 21800 300 100 0 0 200 9500 0 0 1700 300 0 200 200 300 100 0
-9999 -9999 -9999 -9999 -9999 -9999 -9999 -9999 -9999 -9999 -9999 -9999 -9999 -9999 -9999 -9999 -9999 -9999 -9999 -9999 -9999 -9999 -9999 -9999 -9999 -9999 -9999 -9999 -9999 -9999 0 0 700 0 100 0 100 200 500 0 400 1500 3500 400 300 300 0 0 300 100 0 600 0 200 0 100 600 6000 1000 600 100 300 200 0 100 0 100 200 6100 1900 0 400 500 200 0 0 300 21200 100 0 0 100 8500 700 0 0 1500 100 0 100 100 200 0 0
-9999 -9999 -9999 -9999 -9999 -9999 -9999 -9999 -9999 -9999 -9999 -9999 -9999 -9999 -9999 -9999 -9999 -9999 -9999 -9999 -9999 -9999 -9999 -9999 -9999 -9999 -9999 -9999 -9999 -9999 -9999 0 300 100 0 0 100 100 200 300 600 700 2300 500 300 200 200 0 200 0 400 0 100 100 200 500 1500 4300 900 500 0 200 100 0 0 100 200 5700 1700 0 300 300 0 100 0 100 20400 100 400 0 0 100 8200 500 0 200 300 700 0 0 0 100 0 0
-9999 -9999 -9999 -9999 -9999 -9999 -9999 -9999 -9999 -9999 -9999 -9999 -9999 -9999 -9999 -9999 -9999 -9999 -9999 -9999 -9999 -9999 -9999 -9999 -9999 -9999 -9999 -9999 -9999 -9999 -9999 -9999 -9999 200 0 0 0 100 200 0 400 600 1600 500 400 200 100 0 100 200 0 0 0 0 100 1400 3500 600 800 100 200 100 0 0 100 200 5300 1200 300 100 0 200 0 0 100 19500 700 0 200 0 0 200 7700 0 400 100 200 200 300 0 0 0 0 100
-9999 -9999 -9999 -9999 -9999 -9999 -9999 -9999 -9999 -9999 -9999 -9999 -9999 -9999 -9999 -9999 -9999 -9999 -9999 -9999 -9999 -9999 -9999 -9999 -9999 -9999 -9999 -9999 -9999 -9999 -9999 -9999 -9999 -9999 100 0 0 100 100 300 500 100 800 400 400 300 100 0 0 100 200 500 600 700 1300 2700 600 500 700 0 100 0 0 100 200 4900 700 300 200 0 100 200 300 400 800 18300 0 500 0 0 100 200 7100 100 300 0 100 100 0 0 0 0 100 100
-9999 -9999 -9999 -9999 -9999 -9999 -9999 -9999 -9999 -9999 -9999 -9999 -9999 -9999 -9999 -9999 -9999 -9999 -9999 -9999 -9999 -9999 -9999 -9999 -9999 -9999 -9999 -9999 -9999 -9999 -9999 -9999 -9999 -9999 -9999 -9999 0 0 0 300 0 0 700 100 100 300 200 0 0 100 100 200 300 400 2400 100 500 400 500 0 0 0 300 500 4500 200 300 200 100 0 100 0 100 200 15900 800 1300 300 0 0 100 0 6400 400 0 200 0 0 0 0 0 100 100 400
