data/arenosa/flowacum_m2.asc
ncols         435
nrows         456
xllcorner     891236.30040912
yllcorner     1168994.6457458
cellsize      10
NODATA_value  -9999
[rows 123 to 163 of 456, columns 188 to 281 of 435]
0 0 0 0 0 0 0 0 1825200 1827500 0 0 139300 0 0 400 200 100 0 100 200 0 49300 100 0 0 100 3959000 300 200 100 0 0 1800 100 0 43700 400 300 200 100 0 0 100 200 300 400 500 2005900 100 0 0 200 100 0 100 100 500 200 100 0 0 1600 1000 400 200 5000 4400 300 200 100 0 200 100 0 0 0 400 100 0 100 200 600 1600 2900 400 600 700 1000 0 0 100 400 200
0 0 0 0 0 200 1824700 1824900 100 0 1500 0 139000 800 600 400 300 200 100 0 100 0 48900 100 0 0 100 3958300 300 200 100 0 0 1500 0 0 43100 400 300 200 100 0 0 100 500 800 1100 1800 2005000 0 500 300 0 0 0 0 0 100 200 100 0 100 1300 400 400 300 100 400 3900 3300 2600 800 400 300 200 100 0 300 0 0 100 200 800 1800 900 300 500 600 500 300 0 100 100 500
0 100 0 100 1823300 1823800 200 0 0 200 1100 0 137900 0 0 0 300 200 100 0 0 200 500 48100 0 0 100 3957700 200 100 0 0 0 300 900 0 42500 500 400 300 200 0 0 200 100 100 500 200 2000 2000800 0 100 100 0 0 100 0 0 0 0 0 0 800 300 300 300 200 0 300 400 500 1600 1100 1000 500 400 200 100 0 0 0 700 1000 600 800 200 400 500 400 200 0 0 400 200
0 100 1821900 1822300 500 300 100 0 100 1000 200 300 137300 2700 2600 2500 2400 1400 100 0 100 0 100 47800 0 0 200 3957400 400 300 200 0 0 100 800 0 41700 500 400 300 200 0 0 0 0 400 100 1300 200 7400 1992500 1991300 0 200 200 0 0 0 0 0 100 0 300 300 200 200 200 100 200 0 200 400 300 100 300 100 0 100 0 0 200 200 900 500 700 100 300 400 300 100 0 300 100 2500
1819500 1821300 100 0 400 200 0 100 900 100 0 127500 6800 6600 6100 6000 100 800 1100 0 0 0 200 47700 0 0 100 3956200 200 100 0 0 0 200 400 0 40900 300 200 100 0 100 0 200 300 0 1200 100 7200 0 100 600 1990900 1985700 0 100 100 100 100 300 200 100 0 200 200 100 100 100 0 100 100 200 0 0 0 0 0 0 0 0 100 100 600 400 600 0 200 300 200 0 100 0 2200 100
100 100 1400 0 300 100 0 100 400 0 0 127300 100 0 300 5500 100 0 700 1000 0 0 100 47200 0 0 0 3955300 500 400 300 200 0 0 300 0 39800 300 200 100 0 0 0 200 600 1100 0 100 6900 0 400 0 200 4400 1985200 1984300 1983000 200 400 700 300 200 100 0 100 100 0 0 0 0 0 0 0 0 0 0 100 0 0 0 0 100 300 300 400 0 100 200 100 0 0 1900 100 0
0 0 900 300 200 0 0 200 0 0 0 126900 200 0 200 0 5300 0 600 800 0 0 0 46500 100 0 0 400 3954600 600 500 400 100 0 100 0 100 39400 200 100 0 0 100 0 100 300 0 0 6700 0 200 100 4000 200 700 500 300 1982200 1982000 400 300 200 100 0 0 0 0 0 0 0 0 0 100 100 100 200 100 100 0 0 0 0 100 200 100 100 0 100 0 0 500 1100 0 200
0 200 500 200 0 0 0 0 0 0 125400 300 500 100 0 0 5200 0 400 200 300 100 200 700 45300 0 0 200 3953800 200 100 0 300 0 0 0 100 38400 300 200 100 0 0 0 100 0 0 2000 4500 100 0 3800 0 100 600 400 200 0 100 1979900 400 300 200 100 0 0 0 100 100 200 100 200 200 200 300 200 600 300 100 0 0 0 0 0 0 0 0 0 100 300 100 800 100 0
0 100 400 0 0 0 0 0 0 124700 300 200 0 300 0 100 4600 200 300 100 200 0 400 100 45000 0 0 100 3953400 0 400 300 200 200 0 0 100 200 37800 200 100 0 0 0 0 100 500 1200 3400 900 0 3700 0 0 400 300 100 0 0 1979300 0 0 0 100 0 100 100 200 200 500 300 300 300 400 300 700 0 0 0 100 0 500 200 100 0 0 0 0 0 0 100 500 0 0
100 0 200 0 0 0 100 100 300 124400 0 200 100 0 100 0 4500 100 200 0 100 0 200 0 0 44800 0 0 300 3952600 1100 1000 200 100 0 0 100 0 1800 35500 400 200 0 0 0 200 400 600 3300 500 200 2600 900 300 0 100 0 0 0 1979000 70300 69800 69600 0 100 200 500 0 900 400 400 400 500 400 800 0 200 100 0 300 600 0 0 0 100 100 0 0 0 0 0 300 0 100
100 0 100 0 0 100 100 200 124200 1000 600 200 100 0 0 200 3900 100 0 100 0 100 200 500 600 44700 0 0 100 3950800 200 100 600 100 0 0 100 900 600 34900 400 0 100 0 0 100 100 500 3200 400 100 2500 600 100 200 0 0 100 300 1908000 0 200 0 69200 64100 63600 62700 62400 61900 53800 500 600 500 0 900 100 300 200 100 400 800 100 100 200 200 100 100 0 200 0 0 100 100 200
100 0 0 0 200 400 200 121400 800 0 200 200 100 0 100 0 2800 800 0 0 0 100 100 300 400 43800 0 0 100 3950200 100 0 0 500 0 0 600 300 100 34300 0 200 200 0 0 0 100 200 3100 300 0 2400 500 0 100 0 0 100 1906700 500 400 100 0 4700 0 100 100 200 100 6200 52600 52000 50400 49700 48100 47000 46100 45200 44700 43900 0 400 300 300 200 200 100 500 100 0 0 0 0 100
100 0 0 100 200 300 900 120800 0 600 200 100 100 0 0 100 2500 300 300 0 0 0 200 0 100 42900 0 0 3947900 1600 200 100 0 100 200 500 200 0 0 34100 800 700 300 200 0 0 0 0 3000 200 500 1700 100 200 0 0 200 600 1905400 200 400 100 0 4400 100 0 0 100 0 6100 200 100 700 200 1000 500 300 0 300 0 42300 41800 400 700 300 200 1000 300 200 0 0 200 500 900
0 0 0 100 200 300 400 118800 200 100 200 100 0 0 0 400 1900 0 100 100 0 100 0 100 200 42500 0 300 3947300 0 1400 1100 1000 0 100 400 100 0 200 32700 1500 300 200 100 0 0 400 1500 1300 100 400 1600 0 100 0 100 200 1904900 100 100 100 300 0 4200 0 0 0 0 200 5700 100 0 600 100 900 400 0 100 200 200 0 400 39800 0 1800 1400 200 100 0 0 0 100 200 200
0 0 0 0 100 200 118400 200 100 0 0 100 0 0 300 0 1500 100 0 0 0 0 0 0 100 42200 0 100 700 3946400 0 100 0 900 0 300 0 0 600 30000 200 1000 900 700 0 100 0 900 1200 0 300 1000 400 0 100 200 1901400 3200 0 0 0 0 200 3000 1000 900 0 0 0 1600 3900 0 0 400 0 800 300 0 100 100 0 200 38800 1900 0 400 300 200 100 0 0 100 100 700
200 100 100 0 100 200 117600 300 200 100 0 0 0 0 0 900 300 0 0 0 100 800 100 100 200 42100 0 100 200 3946200 0 100 0 0 700 100 0 0 400 29800 0 100 0 0 600 0 600 100 500 500 200 900 300 0 100 200 1901000 3100 1100 600 300 200 0 100 2900 700 600 200 0 200 1200 3800 1300 600 300 300 300 200 0 0 100 100 100 36300 1100 500 400 200 100 0 0 0 200 300
0 500 200 0 0 72200 800 44000 300 200 100 0 0 0 0 700 100 0 100 200 400 0 1000 1300 41600 0 0 100 200 300 3945600 100 0 0 400 100 0 0 200 0 29600 2200 1900 1700 0 500 500 0 400 400 100 800 200 0 100 400 1900600 0 1700 300 100 0 0 0 1200 700 600 200 0 100 1100 1700 500 500 500 200 200 200 100 0 0 0 0 34900 100 0 0 0 100 0 0 0 0 200
800 68700 70700 71400 72000 400 200 0 43400 600 500 300 100 0 200 300 0 0 0 0 0 0 100 200 39800 0 0 100 200 400 3945100 300 200 0 0 200 0 100 0 26400 700 200 100 0 1500 400 300 0 300 300 0 700 100 0 100 100 1900000 0 100 1400 200 100 0 0 1000 0 500 500 100 0 1000 0 1500 400 400 400 100 100 100 0 0 100 200 33400 1000 900 700 600 300 200 0 0 0 0
67600 500 300 400 400 300 100 0 200 42200 300 200 100 0 100 0 0 0 0 0 0 200 0 0 39600 0 0 100 0 300 3944100 200 100 0 0 100 0 100 200 25900 300 100 100 0 1200 100 300 200 0 100 200 600 0 0 0 0 0 1899400 0 0 1300 900 600 300 0 900 400 400 400 0 100 700 100 1200 300 300 300 0 0 0 0 100 200 32200 700 600 500 400 300 200 100 100 0 0
100 400 200 300 300 200 0 100 400 0 41100 200 100 0 0 0 0 0 100 200 0 0 300 38000 1100 0 0 0 200 200 600 3942600 0 100 0 0 0 100 25400 100 100 0 0 0 800 200 0 200 100 0 100 400 0 0 100 200 300 1899200 100 0 0 100 100 100 100 300 0 300 300 300 0 600 0 100 900 200 200 200 0 0 100 200 300 30900 800 700 500 200 100 0 500 200 100 0
0 300 100 200 200 100 0 100 100 2800 40700 300 200 0 0 0 100 200 0 31300 32100 33400 33600 3700 0 900 0 0 100 200 300 3941900 400 100 0 0 0 0 900 24000 0 0 0 0 0 600 100 0 100 0 0 300 0 100 200 300 400 1898000 300 200 100 0 0 0 0 0 100 0 200 200 200 100 300 0 500 200 100 100 0 0 100 400 500 30000 300 0 0 100 0 600 300 200 100 0
400 200 0 100 100 0 0 0 2700 0 0 37100 100 0 0 200 600 200 30900 0 100 1000 0 300 3200 0 600 0 100 200 0 2600 3938700 100 100 0 4900 0 0 700 23900 23300 23200 22500 22200 300 500 400 100 0 0 100 0 100 1000 1600 1900 1895400 0 0 0 0 0 0 0 0 200 100 0 100 100 100 0 200 100 200 100 0 0 0 100 0 500 29200 0 100 0 1600 1500 700 200 100 0 0
100 300 100 0 0 100 300 1400 1100 0 36100 600 100 0 0 100 0 29800 200 0 0 900 0 100 3100 200 200 0 100 100 1300 1000 400 3937900 100 5000 0 4700 3000 2700 600 400 0 200 100 21700 200 100 100 0 0 200 400 700 400 100 0 1895300 1893000 0 100 100 100 100 200 300 0 0 0 0 0 0 0 0 0 0 100 0 0 100 200 300 0 100 28300 1800 1700 700 600 500 400 300 200 0
100 0 200 0 0 0 900 400 500 0 35900 0 200 0 0 100 200 28900 0 0 0 700 0 900 2000 100 100 0 0 1000 900 0 300 3937400 5400 200 0 1500 1000 100 2600 500 300 100 0 100 21400 0 0 0 100 0 100 300 0 0 300 1600 0 1892600 1888000 1876100 1875000 1874600 1874200 400 400 100 100 0 0 0 0 0 0 100 0 0 0 100 200 300 400 2500 23700 0 1200 300 200 100 0 100 0 0
0 0 100 0 300 800 0 200 400 0 35700 300 200 0 0 100 200 1300 26800 0 500 0 800 1500 300 0 0 700 900 700 0 100 100 3931400 300 200 100 200 0 900 0 2500 400 200 0 0 20900 200 100 0 0 0 100 0 0 100 1100 300 1200 3100 11500 500 0 200 0 1873200 1872800 200 100 100 100 0 100 200 600 300 200 0 0 100 200 600 1600 200 23500 21700 0 200 100 0 200 0 100 0
100 0 0 100 100 100 100 100 100 0 35100 900 0 100 0 0 500 100 400 26600 100 200 700 1400 200 0 600 0 500 0 0 0 0 4100 3926900 100 0 0 100 0 700 2100 200 300 100 0 20300 300 200 100 0 0 100 200 300 1000 200 1000 0 3000 11400 300 0 100 0 100 400 1871400 500 200 0 300 300 1000 200 100 0 0 0 100 200 800 100 600 700 100 20200 0 0 300 100 200 100 200
100 0 0 0 0 0 0 0 0 0 33100 700 700 200 0 100 100 0 300 26500 0 100 600 1300 100 100 200 300 0 1300 3300 3600 3800 3900 3926600 300 200 100 0 0 600 100 1800 100 200 0 0 20100 200 100 0 0 0 200 500 100 800 0 900 1900 6600 4600 200 0 0 200 0 200 1870200 600 400 400 1100 400 300 200 100 0 0 200 700 0 300 100 600 0 19700 100 400 200 300 200 300 100
200 100 0 0 400 600 700 800 900 100 30100 2700 600 300 0 0 0 100 0 26400 0 0 500 1200 0 0 100 200 1200 1800 100 0 0 100 3925900 400 300 200 100 0 500 0 100 1500 0 100 0 19700 0 0 0 0 0 100 0 500 100 800 200 1500 1100 5300 4500 100 0 0 100 100 1869400 2500 2400 1800 500 400 300 200 100 0 0 0 200 200 0 300 100 500 0 18700 300 400 800 400 400 100
300 200 0 200 0 0 100 200 0 1100 29800 0 2600 500 200 100 0 0 200 25800 0 100 200 1000 0 0 100 600 400 1700 0 0 200 24900 3900300 400 300 200 100 0 200 100 0 800 500 0 0 100 19100 300 100 0 0 0 400 0 700 100 300 1000 1000 4500 600 4400 0 0 0 100 200 1866000 0 800 700 100 0 0 0 0 0 0 0 100 200 0 100 200 700 100 16700 1000 0 800 200 100
200 100 0 100 0 200 300 400 800 28100 100 0 1900 500 400 0 0 0 0 25600 0 0 100 700 100 0 500 300 1200 200 0 0 24300 100 3899700 100 0 300 200 100 0 100 0 700 300 0 0 100 18500 400 300 100 0 0 100 600 0 200 100 700 900 4400 100 300 4300 0 0 100 200 1864000 1400 400 300 200 100 0 200 100 0 0 0 0 0 0 100 600 0 400 100 14300 900 200 100 0
300 100 0 0 0 0 100 200 300 26600 0 0 1800 400 100 0 0 100 200 24300 700 100 0 600 0 400 200 100 900 100 0 24200 0 100 3899400 600 500 0 200 100 0 0 0 600 100 0 0 300 300 16900 0 100 0 0 0 400 100 0 200 300 800 4300 0 200 900 3100 0 100 1600 2100 1860000 0 300 200 100 300 200 100 100 0 0 0 0 0 100 300 300 0 100 12400 500 100 0 0
100 0 0 0 100 0 100 900 24300 2000 0 500 1000 0 300 0 0 100 200 23900 200 100 0 500 300 100 0 200 500 0 0 23900 0 0 3897700 600 500 400 0 600 500 300 200 300 100 0 200 0 100 16100 500 200 100 0 0 200 0 100 200 100 500 4200 0 0 800 3000 0 1500 2000 0 100 1859500 100 0 400 300 200 200 0 100 100 200 0 0 0 100 200 0 100 200 11800 0 100 0
100 0 0 100 200 500 600 0 23100 100 1700 400 500 300 100 0 0 300 22700 600 300 100 0 400 200 0 100 300 0 500 23500 100 0 100 200 3897000 1200 1100 1000 200 100 0 0 100 200 0 100 0 100 500 15200 200 100 0 0 0 0 100 0 400 300 800 2800 600 0 2900 700 600 1900 0 7900 1858800 0 1000 400 300 300 0 300 200 300 100 0 0 0 0 0 0 100 100 11200 300 0 100
100 0 0 100 200 300 400 21800 1100 0 1600 300 400 100 0 0 100 200 22200 300 100 200 0 300 100 0 200 200 400 0 22800 0 0 100 2000 3894900 600 500 400 300 200 100 0 0 0 100 0 0 100 200 14400 300 200 100 0 0 0 100 300 200 600 0 2700 500 2800 600 500 400 1300 7800 0 1849200 1200 0 400 400 100 400 300 700 200 300 100 0 0 0 0 0 0 100 100 10500 500 200
0 0 0 100 0 100 18500 2600 300 600 1500 200 100 100 0 0 100 100 21800 200 100 0 100 200 0 100 100 0 0 100 22600 0 0 1900 0 3892200 400 300 200 100 0 400 200 0 0 0 0 0 100 200 200 13700 400 300 200 0 0 0 100 200 200 2600 300 0 2700 500 400 300 1200 7700 100 0 1848800 500 500 200 500 400 800 0 900 400 300 100 0 0 100 100 0 0 100 100 9400 8400
0 0 0 0 300 17500 600 2500 200 500 1100 200 100 0 0 0 0 0 20900 500 0 0 0 100 0 0 0 0 100 22000 0 0 1800 200 300 600 3891300 1200 1100 1000 900 300 200 100 300 100 0 0 100 0 0 13100 4800 4600 100 0 0 0 100 100 1600 800 200 100 2400 400 300 200 1100 7600 0 200 0 1847700 300 600 500 900 100 1000 0 0 0 0 100 100 200 200 0 0 0 200 0 400
0 0 100 300 16600 300 500 2400 100 400 400 500 100 0 0 100 0 100 18500 1900 300 200 0 0 0 0 0 200 800 20800 0 1700 100 0 100 0 3889900 3400 3300 2700 2100 2000 1900 900 400 300 100 0 0 100 7300 500 100 0 4300 200 0 0 0 300 1100 700 100 0 2300 300 200 100 1000 7500 0 0 100 100 1846200 600 1000 200 1100 100 100 100 100 0 200 200 300 400 100 0 0 0 200 0
0 100 700 15500 500 200 400 2300 0 300 300 300 0 0 400 500 800 15300 3000 1300 400 100 0 0 0 100 300 400 20600 0 600 800 0 0 100 0 3886200 0 0 400 400 300 200 800 400 100 0 0 100 200 7000 200 100 0 200 3600 0 0 200 600 300 600 0 100 2000 200 100 0 900 6000 1300 0 0 100 100 1844300 300 1200 200 200 200 200 0 100 300 700 500 200 0 0 0 0 0 0
200 300 13100 1400 400 100 300 1100 1000 200 200 100 0 300 0 100 7700 6500 2900 700 400 100 0 0 200 400 500 20300 100 500 600 0 400 600 700 1000 3885500 300 100 0 300 200 100 100 200 100 0 0 100 400 6100 0 100 0 100 100 3200 0 300 100 200 500 0 200 1600 100 0 0 700 5900 1000 100 0 0 0 100 1842500 1102100 1100500 300 300 300 100 200 400 800 900 100 100 100 0 0 0 0
0 11500 1400 1300 300 0 200 1000 900 100 100 0 200 0 100 7400 6100 200 2800 600 0 200 0 0 100 200 300 19200 0 400 500 300 0 100 400 900 600 3882600 0 0 200 100 0 0 0 100 0 0 100 200 5400 100 0 0 0 0 3100 100 0 0 100 400 100 1100 300 0 100 600 0 5700 900 0 0 100 200 740100 0 100 0 1099600 1098800 1097800 1096400 1095200 1094200 1000 200 200 200 0 200 100 0 100
200 11000 1300 1200 100 0 100 900 800 0 0 100 0 700 7100 5700 200 100 2700 400 0 100 0 100 200 300 18800 100 0 300 400 200 0 100 300 500 1300 3880400 500 300 400 300 200 100 0 0 0 0 100 100 800 4200 200 100 0 0 0 2800 0 0 300 0 100 800 200 0 100 100 100 5400 800 0 100 200 300 739700 0 0 100 400 400 800 800 100 300 1091600 1091300 300 0 400 0 300 200 0
