data/arenosa/pendiente_arenosa_clip.asc
ncols         74
nrows         83
xllcorner     892876.30040912
yllcorner     1171434.6457458
cellsize      10
NODATA_value  -9999
[rows 28 to 55 of 83, columns 0 to 62 of 74]
27.1834 39.73512 38.05386 38.57227 36.62163 34.01671 32.86192 30.5629 31.97454 38.27569 43.01339 44.20428 42.20221 36.49657 28.71223 19.72446 19.70173 20.44694 20.3044 28.48232 31.73144 22.85362 37.0884 43.26222 33.80149 3.776359 19.87442 25.85058 35.99712 31.44546 19.11756 28.80476 32.72078 32.53999 35.30743 39.79307 42.20435 39.53281 29.76896 31.60917 41.91279 46.53189 30.09459 32.74819 42.7274 33.22344 25.5751 23.24609 21.90698 24.90448 31.07191 33.58847 29.86302 22.54872 8.365432 8.290526 6.816874 13.52203 37.41033 32.13724 22.81262 37.41735 37.05841
35.05133 44.63783 41.89203 41.31285 37.5488 35.50644 34.5672 31.64429 32.56774 36.92379 38.9551 37.87051 33.88945 31.77427 33.63839 27.72833 24.46844 22.58468 18.96715 22.21784 15.11538 24.15635 38.95575 36.06503 13.58658 10.0793 22.09512 28.2294 30.18199 22.98098 29.91044 34.08275 35.83841 36.63029 34.81945 33.04631 34.10469 30.03104 21.24291 27.23583 37.60905 45.16819 28.30172 33.78342 40.45433 25.96632 19.17204 22.27627 22.69718 24.54382 32.72483 36.57127 32.64075 16.25815 8.256842 4.829887 4.592374 11.27359 30.82763 33.53111 14.94914 33.23669 30.1119
37.49349 46.25478 42.86333 39.19144 34.63929 33.93692 32.34349 29.40497 29.3425 29.70334 29.54093 27.63478 25.56589 32.68801 36.88313 32.54172 28.33505 21.85567 18.76015 14.04157 22.88339 35.73966 35.1388 22.52492 4.876926 18.1708 24.86535 21.4289 16.9756 29.95065 36.56481 39.42803 41.64756 40.69327 37.06778 35.00289 34.78223 25.40642 20.52392 29.82131 39.72489 37.47647 22.2361 31.23549 34.91074 26.11469 19.85059 19.47807 20.20035 28.65019 39.65082 36.02671 24.0637 16.10517 13.3675 11.28194 7.220731 12.96122 21.77911 32.09001 8.87558 32.79187 28.25603
32.14838 42.54483 38.22618 32.20274 29.69626 30.66522 28.66084 26.90345 26.32555 24.62966 25.6872 26.54043 30.3014 37.41253 36.79529 35.13999 31.65829 18.70253 16.67044 22.88556 36.28061 34.33197 23.53516 9.274291 7.93814 21.7951 21.49231 18.38858 31.23305 36.54563 38.68284 41.11421 41.19949 39.35964 38.62039 38.74419 34.68414 24.31852 26.85808 38.7933 38.68507 26.33731 26.69366 29.01852 31.81916 29.80852 21.27288 11.8758 30.68331 38.20454 38.25238 26.40746 14.46876 16.56691 18.82419 19.24485 15.32271 17.2545 17.27132 28.10065 9.286798 34.36401 37.12016
32.90903 40.62193 35.6306 32.0337 30.9332 29.23793 27.06863 26.47211 25.19154 22.59069 24.02008 27.42667 36.58004 42.53443 37.40148 35.74326 31.16482 16.3629 23.31206 35.0615 34.60598 21.26991 12.30622 9.378332 13.01691 20.41484 20.38655 30.72865 37.70533 40.68564 42.22478 40.99791 37.85041 36.84828 38.45882 37.21946 29.0766 22.88253 32.05603 39.91745 33.23989 29.14709 29.00022 30.55816 33.91974 31.11713 18.66272 21.31512 39.43053 36.91181 29.4624 16.59187 22.29123 24.59868 24.77757 26.49063 26.32192 25.75039 22.39861 26.15059 15.51431 33.04885 46.25245
33.01827 42.33622 39.95606 37.89621 34.65238 29.57468 27.01724 26.24057 24.36064 21.58771 21.38968 26.58327 40.98046 47.23027 39.86014 33.32993 25.31583 20.45968 31.11883 32.91614 22.47306 14.45007 14.83948 16.03967 19.29207 20.13681 26.3584 37.81902 44.40641 45.66552 43.60776 38.56244 34.88054 34.87005 33.69624 28.18806 22.11329 26.65356 34.91416 32.08942 29.04914 33.06932 31.73503 32.80177 35.63732 32.43042 19.67999 35.85427 39.45022 33.46257 20.61628 19.9671 29.28568 32.36563 33.10551 34.4934 37.36835 39.21969 35.36792 30.43711 23.79297 21.98053 48.88435
32.7452 43.33211 41.61029 38.84279 35.32576 31.15787 28.65105 26.30321 23.47512 19.44294 14.2578 21.94408 44.2375 50.25023 40.03701 26.69317 18.96334 26.44418 31.75377 23.40989 17.64328 21.17972 24.94706 23.3504 23.86496 26.6891 35.05223 44.06961 47.0419 42.89452 37.47262 32.59216 29.86631 27.9643 23.18316 20.73348 24.11803 28.97894 33.49839 34.264 36.11708 35.79284 34.4232 38.05556 39.32656 31.95812 26.24529 43.80345 38.13694 29.74764 13.87491 27.80918 28.47234 30.72006 32.92849 34.56876 37.59799 42.63552 42.54639 36.72814 33.68758 12.24713 42.16909
32.01694 41.52922 37.93893 36.8751 35.8139 32.72358 29.71648 26.33784 22.85732 19.42227 15.12844 29.35739 46.60239 48.43724 36.0895 19.96215 20.47571 27.27426 24.37804 17.32463 20.58175 28.02797 28.17378 28.86778 30.45967 35.28727 41.29778 45.08762 39.45686 28.2918 24.78746 25.83541 26.32132 22.64802 18.81737 23.19406 28.01855 29.50328 34.14239 37.54837 36.7426 34.47507 34.42655 41.31102 39.51515 27.40759 39.61288 45.51929 33.90991 23.90321 18.72258 31.67923 30.40166 32.10244 34.15316 35.00099 36.04654 40.22403 41.7297 39.93871 41.60658 33.91541 20.96113
32.73341 37.5768 32.59702 33.61908 34.59927 33.60814 30.70337 25.18147 27.88887 28.95787 25.37763 36.54184 42.30045 41.71093 31.22971 19.41605 25.75394 25.98099 20.44329 20.41067 26.39501 28.58654 26.35741 30.28103 34.37988 38.33325 41.44648 39.26711 28.29568 18.16211 18.11791 22.91232 25.00989 22.3212 20.83957 24.41573 30.03657 30.75704 30.53628 31.52225 31.43363 32.25647 34.29463 37.60643 25.02505 34.70833 49.18219 39.51715 24.14618 21.98182 26.14692 35.87559 33.17965 34.50535 36.71539 36.41249 38.77901 41.9644 40.22843 36.08565 39.91558 43.58554 12.5016
28.64495 32.03507 28.29723 29.34422 26.73229 23.37696 24.44686 22.77008 31.19017 33.25541 33.5127 37.94783 35.22036 33.92706 23.18791 23.89791 28.90117 28.77847 27.76622 27.62573 28.75817 26.70181 25.35718 29.12048 33.58637 35.95009 34.19311 27.29733 18.90222 18.26087 22.86558 24.85365 23.07263 21.19364 21.83171 23.52937 27.87595 30.54869 30.23508 28.8514 28.6444 29.72781 30.59346 25.54422 18.39421 46.87569 46.99256 26.89879 20.784 20.70385 29.97565 38.00219 34.07907 32.66346 31.36843 32.19154 36.6982 41.11455 39.87402 34.31218 37.09259 47.19067 36.33443
3.918509 18.92628 22.46443 21.98155 12.24588 8.744999 20.65569 27.35999 32.12573 33.72834 39.90839 38.90548 30.75309 22.59044 23.1165 34.3823 36.77585 37.86141 37.62093 34.35328 30.78793 26.29153 23.75782 26.30847 30.31245 29.67389 24.29816 18.83043 18.82991 25.07553 27.30341 24.89148 22.42389 21.66323 21.07393 23.13674 26.87457 28.81022 28.92476 28.1417 27.6643 27.66918 26.18663 17.10356 35.85405 48.25641 36.33566 22.78571 20.86751 21.95131 34.52818 39.28471 33.98405 30.40244 27.15111 30.3042 32.79041 37.01437 40.93431 41.0841 38.85228 47.51815 48.57848
26.51915 30.45827 20.5897 15.56455 5.788826 11.40438 24.81084 36.63284 38.64611 38.55943 40.45979 34.24463 21.60997 24.67099 39.36542 42.51892 41.70952 39.80579 38.12036 37.3974 34.35255 29.85184 27.49746 28.59805 28.01404 23.37391 20.34343 23.14472 29.38239 31.26162 27.40659 24.12462 21.61133 20.9199 18.89863 22.88321 26.45102 27.46053 28.01282 28.32612 29.34384 30.77036 27.17561 24.28903 44.83339 43.3655 24.5297 24.0856 24.67739 27.89139 39.60258 40.19416 32.02223 27.21377 27.1708 34.1137 34.04968 32.14339 37.79356 42.98515 39.53721 43.2634 52.20714
29.48713 38.9116 29.35409 18.17343 4.681445 17.15437 34.30201 46.01395 41.24256 32.70734 31.46823 22.75782 24.58102 40.34946 43.39149 41.67806 41.4296 39.81372 37.017 35.7563 34.43541 33.12181 33.66624 34.83772 32.01578 28.12952 27.96629 33.18375 35.15899 30.49496 26.26824 22.44833 20.0486 18.84865 22.9271 26.32896 27.14783 27.61861 28.38473 30.25146 34.28229 33.08336 27.9609 40.05231 45.98379 31.12958 23.69136 33.46674 37.35205 38.93457 43.19011 38.72284 30.18151 27.5898 28.17242 36.6014 38.27766 27.84945 28.06664 38.96318 37.23872 39.92052 55.06481
30.20595 41.77179 33.09672 20.55663 10.117 25.5297 38.31413 46.46385 33.85638 18.42177 19.07787 25.16403 37.12153 39.24314 34.03377 33.38902 37.02888 38.49112 36.8788 33.06387 31.62596 31.26535 29.80055 31.12251 31.75102 32.87662 33.34304 34.15757 30.83138 24.66784 20.32155 19.63398 22.91784 26.17578 30.38035 28.63585 27.88603 28.32957 30.15198 33.86583 34.16677 29.91461 37.36232 45.56861 40.66088 21.22415 36.29196 43.58524 45.16103 43.65376 42.36217 35.23122 29.89299 29.58827 27.42163 34.01047 39.34296 31.60108 28.62488 38.66227 32.53718 30.90708 56.23461
31.07612 42.1342 35.39916 22.00412 18.3101 30.76798 37.60519 42.29696 26.95702 19.65518 31.33101 37.08296 35.63942 31.39796 25.5839 25.1724 27.18593 23.80799 28.12906 30.43521 30.97774 30.52195 26.96027 26.21974 29.68335 35.67361 36.25108 30.73854 24.91839 21.91522 20.47969 22.20839 28.91308 33.52416 30.99648 28.27568 28.0918 29.32482 31.64252 31.32908 26.11671 37.58595 43.51065 41.15621 32.78266 33.81497 44.42162 42.98793 41.94363 38.94883 35.83651 30.67247 26.69316 22.75155 19.42683 29.42942 34.028 24.30679 27.4306 41.30508 31.29822 22.14624 54.6022
23.26775 38.81551 36.5319 18.66471 20.9225 33.51337 36.8155 33.81844 14.46094 32.58474 37.71071 34.10203 30.8498 30.3163 25.86059 23.07942 24.43367 19.2515 23.16161 28.80135 31.12678 32.17641 30.94932 30.4697 34.97021 38.62103 40.77938 40.10832 37.26709 32.89306 29.46251 28.3701 30.66912 30.41467 28.01609 27.04413 27.54322 28.03137 26.92891 22.59574 31.73997 43.68641 40.22463 34.96584 34.4821 43.53537 41.61481 30.0898 25.28735 23.70716 29.20266 28.45751 23.11522 16.78681 16.46152 31.2567 35.5272 23.94323 27.01281 39.97412 32.69702 24.89695 50.41983
18.69911 36.01525 35.31971 13.3773 23.82559 33.81861 32.12443 21.9717 25.98343 33.5381 27.15235 25.69036 28.70214 28.52442 25.31524 24.36056 25.57532 24.35514 24.7 27.39379 30.48439 34.27139 35.4495 36.73844 40.75579 40.32955 40.70748 42.14988 40.5993 37.16979 33.82143 31.49471 31.0554 30.00727 29.18335 27.10669 25.79391 23.75516 20.35156 20.64589 37.72659 43.5766 36.3494 31.42405 33.99106 37.66688 26.61996 20.48749 19.40343 23.96172 29.13416 24.9468 20.67744 17.35082 19.01336 35.06995 39.16039 27.55158 26.06814 35.95359 35.64669 32.65315 46.64054
20.51606 33.33044 31.82497 6.022327 25.28469 28.77499 24.92377 27.78801 34.14173 29.04498 22.38963 29.2779 36.54727 33.0993 26.55155 22.58718 23.01434 23.42137 22.08527 24.94421 29.63249 35.56015 41.21875 43.69516 42.86623 38.03224 34.14657 32.16993 30.47168 31.72864 31.97709 31.36088 31.8319 31.17259 30.2287 27.45693 24.68339 22.42223 20.33693 24.08653 36.3595 41.78172 36.47964 30.04987 29.95523 25.31409 16.96887 21.0529 25.39002 29.84389 24.02175 15.72819 16.08453 16.94319 20.76817 36.18069 41.33179 33.91274 31.58279 36.31887 38.23155 38.92281 46.17026
19.55541 29.48798 30.4374 13.01883 28.4668 28.57338 29.47061 34.27596 33.80347 27.38877 26.08657 35.53204 37.16415 33.563 29.19164 24.62618 25.112 23.31873 20.47033 23.18483 29.04597 32.83519 37.24712 38.92404 35.87778 30.92713 27.32814 26.17224 25.94084 27.10068 27.1203 27.49622 26.63034 24.42055 25.92611 26.45656 24.53122 23.34871 23.68072 27.46037 32.19246 37.76512 35.06448 30.36383 29.36941 24.81407 23.25298 25.16953 22.97505 17.46833 9.289577 6.96707 9.799346 13.36814 20.06623 34.35891 41.35711 36.44355 33.79506 36.95639 39.11421 42.6132 49.01406
18.22224 23.62452 28.65547 16.90566 27.83931 34.57218 36.57164 34.90857 28.17815 22.25165 25.50652 33.19019 27.13521 25.71841 27.44955 27.4776 31.23313 26.81726 20.39312 24.53865 30.07297 29.72004 28.96371 27.79717 27.88825 27.88054 25.65447 24.21097 25.0045 26.9057 26.64555 24.98475 21.66637 18.43714 19.64293 23.07076 22.52938 21.85682 24.91378 28.86531 30.36287 33.35849 32.53682 28.11394 26.68685 24.84573 22.22374 20.40471 15.95687 8.401724 5.730499 6.416242 5.173641 2.879704 10.21138 28.86477 38.77072 35.72359 34.41312 37.70414 39.53352 44.20389 51.3095
19.64783 21.37641 22.43638 20.6291 15.19723 28.05678 32.2328 30.0623 24.73078 21.47885 26.46047 30.0311 26.04608 25.70171 25.76342 25.10281 32.57032 31.29176 24.13623 27.86976 32.3072 28.96286 27.85445 26.84735 26.89755 25.59865 24.02302 23.67581 24.82203 26.50995 26.00755 22.57186 19.29849 17.20752 15.67974 18.57314 19.84891 19.56252 22.4853 26.09974 27.17293 29.34487 31.14128 27.71144 22.39592 18.3433 17.00847 17.71736 18.86544 15.60557 10.98721 9.981269 8.269787 6.545087 9.944735 24.01873 32.65483 31.48536 36.8735 41.56074 41.60632 44.51433 50.84715
20.7091 26.93798 27.63795 27.76066 22.21076 23.24108 24.36407 24.95009 25.50497 24.63087 27.63901 30.97753 27.93097 25.88668 25.82901 24.55386 31.54601 27.92318 27.87358 28.03973 32.40458 28.13025 27.28319 24.80606 21.67221 18.21733 17.89927 20.07868 22.49343 23.38867 22.60644 20.31748 19.24861 19.97878 17.88828 17.11643 19.80066 19.30737 19.93019 21.41335 19.66419 19.7954 20.80805 17.38499 12.9957 9.624002 7.984916 10.824 12.6652 10.70977 9.94799 11.95609 11.34362 9.462 10.19747 16.76504 21.45252 24.94518 33.70024 41.19072 43.39891 46.07828 50.05996
22.6767 28.36996 27.99457 30.26623 29.62695 27.54601 24.59952 24.5149 25.43763 25.2683 29.64994 34.21726 27.20553 24.91007 23.72467 26.84634 33.1311 25.84479 28.65319 28.05795 33.4503 30.14993 24.51458 20.65878 17.11694 14.11658 13.12496 14.63309 17.64701 19.58895 19.32241 18.25208 16.87763 16.44554 18.15763 23.7342 26.22687 23.27057 20.74557 19.16306 16.7764 16.47971 17.11863 21.13583 24.45908 22.88568 22.27821 24.64247 28.71004 32.08154 30.60455 23.16492 15.4505 10.3397 5.958597 8.648749 13.577 17.90111 26.01284 35.30183 38.75893 43.01109 50.25097
26.18081 31.4117 26.51348 29.1581 29.23106 24.26481 20.18353 18.85522 21.0647 27.66817 36.19156 36.00429 25.02186 25.39846 19.90388 26.81805 34.95473 30.17509 33.82622 35.57622 37.39328 31.76223 21.97228 19.5413 19.08919 19.95104 20.2606 18.35784 16.3891 16.77607 16.03645 15.30657 16.55873 23.84908 32.98753 36.14353 32.82365 28.03136 25.93323 25.00781 24.03876 24.48791 25.66924 29.93464 32.15633 32.2687 36.01314 39.78823 42.45012 42.99383 41.2464 38.89098 36.02941 31.48151 24.31902 16.91133 9.457078 1.995163 14.34253 26.9355 30.79112 37.30473 50.50345
29.26385 37.73021 38.67617 36.52194 27.63417 19.06761 18.34655 16.52804 21.11871 31.30404 37.15686 30.71241 23.57306 26.83373 20.04589 29.43133 35.35105 25.87697 32.59494 36.3294 35.60618 28.5439 21.48897 21.89585 23.76246 24.26647 22.9408 19.15185 16.84729 16.34542 15.19385 17.04215 27.49123 38.30466 41.50677 38.66146 35.07721 35.79395 39.04246 41.0361 41.74424 42.21934 41.00957 38.00233 36.03224 33.72534 34.67975 36.88836 37.51776 34.5901 32.00873 35.92633 41.60959 44.25552 43.19308 36.4222 27.05014 19.75669 18.56645 23.53653 27.59668 37.6157 50.55335
29.04946 34.79733 34.7111 32.71438 23.84121 18.96388 16.69525 19.08196 26.95635 35.13015 34.63511 25.90619 26.6211 31.95836 19.69461 29.77367 37.18383 22.47078 23.60682 24.83912 23.25201 17.31897 13.0502 11.91748 10.52927 9.487852 11.62266 15.72853 17.90069 17.38583 17.97204 23.73217 36.7031 42.34528 39.23296 34.41634 35.5201 39.4068 40.21305 39.42185 39.84512 39.95863 37.74361 36.41537 36.22548 32.88591 29.44838 28.69132 28.88981 25.91586 23.89561 27.23815 32.65733 36.71216 41.20818 42.83506 40.20442 38.59595 40.59674 38.03961 33.10126 35.33668 48.01195
29.91098 32.49442 27.16222 23.82093 21.70973 20.90192 12.38505 19.86097 30.85906 37.50474 32.95783 25.73395 28.00997 38.51774 37.47789 39.16776 40.10444 21.38995 15.01432 11.7206 8.957361 2.622 2.624758 4.225064 5.882068 5.136166 1.851775 13.78206 19.75173 18.29867 21.09518 30.78156 40.04175 40.63555 38.80509 34.71352 33.54533 33.61755 28.25346 24.57114 24.65065 24.40425 24.17713 27.40737 29.4943 27.73841 25.26553 25.09178 26.31164 23.27913 25.28266 30.4096 31.07565 29.5581 32.71613 39.92977 44.20456 45.27008 45.23457 43.33798 41.11876 40.76803 45.39796
32.59359 36.53083 28.8673 22.67583 24.87382 23.79096 18.73145 26.91779 33.75393 34.48979 26.58618 22.64294 25.46105 36.82311 46.03237 46.96611 37.24851 17.29971 9.285146 7.013278 3.731972 2.079446 4.336656 5.722745 5.444314 7.459583 11.89627 16.76158 19.96296 18.87414 22.83383 33.13876 39.21409 40.33005 41.11909 36.13664 30.26614 27.01247 21.02014 19.28724 21.26201 21.39702 20.50418 21.54035 21.12819 17.93479 15.85322 18.42537 21.14373 17.90993 19.78048 19.3651 14.8395 13.33785 16.82978 27.60287 35.32792 35.76987 32.96045 33.37265 37.35828 41.05949 41.61724
