data/arenosa/pendiente_arenosa_clip.asc
ncols         74
nrows         83
xllcorner     892876.30040912
yllcorner     1171434.6457458
cellsize      10
NODATA_value  -9999
[rows 0 to 27 of 83, columns 0 to 62 of 74]
3.872056 11.70637 15.41765 14.12726 11.23118 6.568686 4.460105 10.048 13.25724 13.33384 8.575491 22.69286 14.33356 18.665 19.14007 13.96889 12.40238 5.988327 5.722362 7.533917 6.240477 6.830814 11.43068 15.58489 10.08792 8.852463 14.16344 22.65203 27.69974 16.58018 19.53154 23.67155 16.57884 19.332 18.60373 11.82427 17.84504 18.00133 17.60271 9.915885 7.725656 6.811977 11.512 13.31925 6.308597 3.886906 10.84257 10.21224 9.977382 11.82171 25.36421 28.67207 11.77425 18.99005 13.09062 6.274615 5.47499 3.60683 5.027808 6.599672 7.715996 6.063179 15.62006
11.71435 17.03226 17.1801 14.15357 9.731824 5.308239 7.128052 10.8575 15.30018 19.25065 5.399574 24.82756 27.52349 27.96458 25.77084 19.23454 12.66299 1.188895 8.952082 6.52685 7.999856 6.037024 19.31477 29.11029 26.35699 28.29454 32.81229 39.62504 35.85761 26.32043 25.65303 26.6545 20.44953 26.81155 17.19999 24.61347 30.76096 28.92669 24.99581 19.25462 16.52458 18.40469 23.21582 24.43525 20.52226 16.84744 18.60764 13.93797 9.229697 14.57524 26.49452 34.8722 10.57572 23.41299 18.15617 10.48529 7.699846 7.704057 7.67876 11.36597 13.50168 8.437066 12.21319
9.78909 9.660796 3.932505 2.658258 6.683138 7.518008 8.025168 7.088304 7.809391 17.38049 21.58339 5.865028 20.12889 23.51062 18.11436 11.0585 2.999673 12.08135 9.441584 10.13472 6.685019 11.2808 27.94462 36.41207 32.03392 34.01958 36.21383 33.85334 19.07115 14.67729 23.03911 30.04533 33.29073 21.47479 13.62783 31.56713 31.60751 28.7393 24.1812 20.00656 18.35951 21.90712 27.76283 30.85023 31.3795 31.96396 32.10473 24.49946 11.06954 11.20177 15.53252 36.84714 10.45357 21.51526 21.49673 13.36766 8.068271 7.720224 5.181393 7.01941 10.23658 10.69395 0.9172131
6.640441 6.235311 5.214124 5.112494 5.409226 6.550075 6.850467 5.270525 3.201491 7.553248 21.46709 22.73949 12.28759 7.468821 7.362798 10.77781 15.73824 16.60338 12.99719 17.39016 9.763453 18.18005 34.17678 37.89306 28.02461 26.57568 27.49524 20.28792 18.08992 31.15247 35.34238 36.61617 28.42847 4.583735 26.99676 29.1951 29.02377 28.95516 26.70695 22.67212 19.38772 24.27419 27.80641 27.8808 27.92092 29.36565 34.05265 29.93608 17.00595 5.757905 6.203763 33.98508 25.11696 18.25181 26.02135 15.91282 8.872149 7.317083 4.412688 2.91352 4.903865 9.444046 6.596903
8.974875 10.19021 6.52489 6.288803 6.35908 7.116241 7.026432 5.267828 3.699846 4.46605 10.0229 16.29583 16.43557 15.17589 13.47434 14.52109 16.41856 13.69827 9.095467 17.05826 9.094735 26.9063 38.09026 37.09411 23.41592 21.51823 23.09148 18.54327 36.13943 39.3502 35.54792 28.85097 6.377495 21.09807 30.88009 30.44206 31.83845 26.84032 20.77625 19.13008 17.49726 21.60587 21.1363 14.91446 13.36269 15.84984 26.59422 31.46763 23.54045 1.82703 10.62785 28.70808 30.59173 15.5121 28.86786 19.15394 10.0742 6.950509 3.92707 2.49331 4.224144 7.878957 8.587288
12.34078 16.69354 9.479969 5.888283 6.462142 9.719007 10.58331 7.567077 6.428431 9.417057 10.30935 8.790364 8.436069 8.17724 7.613798 8.867554 8.216191 2.632453 10.7624 11.13075 16.29469 36.02297 40.40742 33.17144 21.85032 22.07361 16.41344 34.4071 45.88107 37.39957 29.44847 13.86006 13.16236 27.66842 33.02902 32.37807 32.78506 21.15445 16.93831 14.15034 12.74417 14.60026 14.55465 6.113428 8.165556 13.68647 23.80377 33.46986 29.38093 7.050323 7.153846 25.72701 26.84072 11.99422 29.18267 22.87055 9.764476 6.850279 4.864908 4.239377 4.936675 6.82192 7.473934
18.37148 23.3195 14.17805 6.583375 4.941333 9.175461 11.45996 9.867049 6.746985 4.693831 4.438798 8.069214 10.65071 9.029333 7.587004 5.930275 0.8055285 10.43996 9.849136 13.3047 33.13971 40.58442 38.14837 27.75896 23.48736 21.32433 11.36611 44.72787 47.85728 32.10479 21.19441 7.629777 24.17177 32.96441 33.52366 31.1484 30.31811 13.35418 16.91017 12.34366 10.55629 12.52881 11.06421 4.523595 3.84462 9.344937 19.20913 33.10739 31.99195 11.68999 3.824944 25.28199 18.00087 9.447488 27.81036 26.34191 8.524308 6.299439 6.114219 6.516023 7.134314 7.206461 6.799603
18.33502 26.35186 18.58826 11.09732 9.86306 10.26091 7.988476 8.753202 7.252804 9.32546 12.42526 12.54862 13.88547 12.45512 7.470311 5.605034 8.687724 2.398454 22.44115 37.3754 40.86696 40.91521 34.7911 25.14779 17.04348 5.517845 18.37425 46.40956 45.95528 29.4867 16.36574 12.91146 33.23235 39.81517 33.93314 29.34481 26.34017 6.757532 13.8617 10.22744 10.49928 15.19696 12.98475 6.621809 3.814805 5.118227 13.37446 30.4883 30.58269 13.25318 14.25811 24.45103 12.21139 10.24213 25.55164 26.77144 10.65487 5.737921 6.376352 8.781303 11.33044 12.12977 10.57221
16.82009 27.03065 22.35324 16.21298 9.97049 5.892971 3.285467 7.441128 9.71378 11.02818 9.857578 9.26155 10.89829 11.91563 12.17093 6.224454 13.47628 32.42871 40.67343 39.24331 39.59462 37.75256 25.1142 3.439603 20.09636 31.31768 33.13671 40.96161 40.07201 29.45815 14.80269 13.00088 33.9822 37.73186 29.02639 26.45444 18.56267 5.467977 11.14798 7.50884 9.498251 14.02506 10.52203 10.18703 9.401446 8.018815 15.20527 27.37438 25.89796 9.823324 15.94707 27.38483 17.66673 9.813306 23.24931 25.60271 13.92258 6.667094 7.364483 10.34558 12.24945 15.2381 14.28799
15.83095 29.42715 27.38359 23.16468 16.44333 7.678962 3.397037 6.216361 10.77989 11.94501 8.977016 7.23019 8.755587 13.83624 16.40226 12.15972 35.42261 38.83047 35.96583 36.6436 37.76838 23.6337 10.02134 31.52259 39.26108 38.30303 34.32694 27.54019 31.80314 29.64154 14.69178 9.738528 29.5798 40.37857 34.91571 18.28883 7.153243 5.378742 8.869901 6.265624 8.786895 9.359988 2.850975 8.125448 12.78368 14.28906 20.66388 25.96007 18.53461 5.44346 13.41995 26.73838 26.29485 7.540329 20.1321 27.56255 17.57987 8.197569 8.622386 9.977763 8.179909 12.46518 14.22222
21.16321 32.68326 31.73863 29.05333 26.55091 16.39145 8.081374 10.81317 13.7118 11.43814 10.00889 8.086128 8.993992 12.23965 17.45867 20.89918 39.1753 31.49549 35.4214 36.9953 24.19245 12.00605 35.01543 38.70382 32.21163 27.64888 28.21923 25.24374 24.65565 23.17917 17.43405 11.8845 14.34773 34.80526 42.40869 36.5094 17.39814 3.312207 6.409341 3.756811 7.922463 5.966285 2.339104 7.389743 12.9792 19.58408 23.74331 20.91054 8.536903 14.48748 14.01238 20.52936 29.17235 19.29177 13.38914 30.49221 23.96257 10.02901 10.20766 9.058358 5.55208 8.83419 10.4225
19.82814 32.14662 34.78793 34.16369 34.64134 33.85326 29.31037 23.5269 16.44345 12.11621 11.65651 9.844095 9.840542 9.712595 14.09591 24.03741 42.13864 33.51713 35.30162 23.76983 9.333063 29.99078 38.95723 30.452 17.73748 11.15937 3.271685 2.937431 8.580728 18.07972 24.35577 23.98004 11.36098 18.63333 33.58904 39.34298 29.666 2.297027 5.682676 5.177617 6.980381 4.22406 2.585488 6.848699 13.41523 21.34328 23.22329 19.06735 8.873563 12.59702 12.13256 13.86445 26.1145 30.24002 5.785714 28.38475 31.27087 16.33683 9.607215 8.509849 6.146942 8.318844 8.018703
16.83059 27.538 33.90632 37.31934 36.5251 35.44627 31.34891 21.81847 12.92329 13.88158 13.3275 11.75872 11.21733 11.32103 6.44035 28.59447 43.45081 37.76353 27.97937 4.394487 19.17562 34.29891 37.44159 22.36053 9.214342 16.60103 24.56003 28.56614 29.02417 28.44288 26.68712 26.45373 22.47626 7.282781 24.42844 36.79448 34.69483 11.03166 5.234053 4.455026 2.240031 3.695777 9.07593 12.96747 17.94802 21.77231 18.78012 14.75725 4.679126 8.546281 8.374246 10.50224 17.79734 31.6557 18.24208 22.68175 35.29677 23.84593 6.245499 7.030644 6.353748 10.16209 8.563984
13.13426 18.14196 21.15541 26.20989 24.41722 21.35808 18.53074 15.34399 14.02404 15.3573 16.3532 14.57767 13.31521 10.63362 8.332736 31.9114 42.08292 39.67044 23.24126 8.932808 25.09868 35.65176 34.15479 12.78261 20.18526 26.82327 29.44398 29.75515 30.4844 30.3908 29.71471 30.68396 30.10656 22.25668 14.22173 32.93031 36.07655 21.68047 1.699018 5.346131 11.30567 16.74468 21.596 24.79352 25.0156 21.64845 15.88164 7.383385 5.998771 7.388041 4.242818 9.044064 11.96406 28.0329 28.1306 10.52532 34.79681 31.40924 10.94893 1.422056 3.686713 10.34821 12.17282
11.92202 16.71945 17.4465 21.10361 21.58857 20.96291 18.9279 16.07714 12.27562 11.63707 16.05797 16.98529 13.98085 9.492627 20.18254 30.24986 40.30748 40.69515 23.57815 14.43423 30.47994 39.22377 28.97014 15.79295 28.70237 31.96023 33.61154 33.17271 32.64591 29.74288 27.60219 27.89753 27.50321 30.38972 14.20362 23.75594 36.67032 29.35797 4.222739 14.61603 16.07481 17.94312 17.14447 13.45256 10.13719 6.373873 9.15612 11.79324 11.66436 8.159327 5.506927 7.991484 11.4644 22.57036 30.67145 10.42841 27.04303 35.08494 21.74893 6.137774 1.812368 5.984542 11.83292
13.76615 21.31183 20.47052 22.82087 25.2105 24.06961 19.86625 15.78376 12.87172 11.53662 14.32285 15.05459 11.74129 15.47355 24.8111 29.76557 39.51787 40.53381 23.32947 14.92869 32.38956 41.48858 24.53658 27.04644 29.6791 30.86834 33.10893 34.07854 32.68128 29.31394 27.58802 23.63789 17.60975 28.15412 22.46149 14.77605 35.89714 31.26691 6.380235 15.73293 11.28183 9.506474 2.019708 8.175942 14.35203 14.95749 15.90205 14.70726 11.2135 9.280596 7.774387 7.938596 11.20085 17.4877 27.02307 22.59916 10.29688 31.19474 29.23584 12.64834 3.46281 4.281765 10.68491
18.1098 26.32429 21.54558 24.34232 29.83319 25.26386 13.08636 12.20147 15.30502 15.61138 18.91401 19.69724 16.37548 19.71388 27.14109 31.88753 37.35058 37.50563 22.48993 15.58671 32.64815 42.04221 20.42135 32.58736 34.48531 35.19832 33.11497 29.62327 27.38708 28.90278 30.8848 24.58242 16.33216 28.34914 26.11101 16.01657 34.25154 28.21784 7.711937 13.50879 10.38941 7.943622 6.413828 7.92325 8.629358 8.03511 6.817894 7.796673 6.783288 5.914136 6.267881 7.660549 11.46667 16.40646 22.73343 28.08306 14.20646 19.71956 32.87611 21.35119 5.068671 8.458947 18.85035
20.32358 29.92975 22.94016 26.08808 29.9912 22.31542 20.16345 23.95226 24.28612 22.39134 24.05375 24.10314 20.58512 22.92385 28.16792 31.84538 32.95406 34.96474 24.41271 18.06396 32.59103 41.76904 17.25469 38.06194 39.85607 36.5398 29.36833 21.24269 21.97411 25.15789 30.42838 27.4076 18.18932 32.49719 27.23988 17.801 29.74635 22.60847 7.302033 12.50763 9.234963 5.054782 4.84725 2.677936 1.624943 4.225783 4.527924 5.541336 6.329314 6.172182 5.60747 5.521075 9.035444 13.70099 19.39639 28.95484 29.06333 4.396684 30.01584 29.8016 18.22876 26.73747 32.01817
20.21152 33.10021 26.99219 29.18193 24.6501 14.08506 23.3161 25.76267 25.0354 19.61864 19.92764 19.26195 15.70236 18.56326 25.52084 31.98106 31.55493 37.40037 29.02672 24.96191 35.75974 39.44959 12.41311 36.67706 40.38675 30.13299 23.22612 21.4826 26.41485 28.46519 31.14518 30.49661 21.69099 37.74598 29.81933 21.00058 25.61527 17.65021 3.807349 12.66334 8.245484 5.430681 2.55685 0.813412 1.07982 1.93024 3.903345 4.925944 5.816618 5.692334 4.478473 4.366567 6.372485 8.161216 11.16759 21.40714 31.69403 16.56626 25.69237 38.91241 34.19168 37.21301 38.38017
22.16454 36.25274 32.49127 30.09275 14.17025 20.64725 26.53892 28.17924 28.88037 24.25722 23.53294 19.39116 8.637087 6.329577 24.49734 33.57755 33.68069 40.86816 28.35919 30.38133 40.10584 36.47513 12.66945 30.15198 42.88968 29.17419 18.57643 21.6973 26.24353 31.57928 33.34169 31.38505 24.71977 41.84101 31.93717 22.50143 22.30807 14.86166 5.029094 14.29557 14.70613 13.10069 9.668828 7.554122 8.801497 7.956755 6.688994 6.315723 6.406507 6.525271 5.204119 4.246814 5.748113 4.60174 4.558298 13.62194 29.42232 21.60406 22.32651 44.155 40.35203 34.63156 33.97482
31.3277 38.87971 34.23794 23.20543 18.0056 35.00731 33.42043 33.67486 35.79039 34.2014 32.33596 29.13242 20.85395 7.782982 28.10508 37.3211 38.98037 41.78664 19.56828 33.22028 39.99294 34.5928 15.44587 22.23273 42.07148 37.14252 11.99339 17.64821 13.85769 19.87976 27.5587 29.4311 26.82258 41.99046 28.76943 21.45021 20.15407 16.75405 19.50973 27.54097 32.65054 27.37861 20.08715 13.97905 15.46078 14.65963 10.05814 8.074198 12.6157 15.31756 13.80999 9.261696 6.576609 4.878818 6.367236 13.57652 29.80542 23.71636 19.81845 45.85555 43.52284 35.95169 32.95031
21.94413 34.16828 27.08029 15.631 34.64127 37.83135 31.15141 32.29027 36.19436 39.51778 39.25666 36.51407 32.53364 27.84821 36.98707 40.2828 41.94765 40.94736 10.98766 33.91893 36.21155 32.64841 13.86575 17.07054 39.19172 41.68925 10.19138 19.93368 16.59505 19.985 26.79986 29.00724 33.0445 41.14502 15.62126 25.65309 22.93942 21.31275 26.55813 31.09206 35.63463 36.06588 26.38277 13.10673 15.69471 16.76452 18.71323 20.60279 23.32304 23.57413 22.09766 17.15374 11.87547 8.686026 13.58622 18.25445 33.18503 25.76442 17.99408 46.1354 45.72182 36.52783 33.64666
12.90428 24.98719 18.43194 31.39358 38.75814 32.87653 27.64258 30.61886 34.04953 40.20021 44.41095 43.36096 37.99377 31.0904 36.2085 35.79795 41.425 39.40427 16.93305 33.55135 34.83969 32.38795 8.022749 16.55387 38.33108 43.82004 18.13437 24.23335 25.91981 27.87234 30.56644 31.71443 39.82144 33.3538 21.7448 32.41122 22.92245 18.856 27.0669 32.39566 25.25739 37.35553 33.27355 13.78083 15.21077 16.43181 25.10286 28.91498 25.84317 23.598 23.94522 22.49601 19.65996 15.86247 16.63296 18.63233 35.98882 28.62793 16.20154 45.19695 46.10733 36.11771 34.5722
10.61881 16.33763 21.15812 34.8105 32.59711 29.72607 29.80926 33.32092 35.77827 38.46771 44.08137 47.31976 42.81986 29.75279 30.57013 32.91467 43.66133 36.80804 24.42135 33.77551 38.51217 33.78992 7.829508 22.97692 40.78367 45.34886 22.23233 20.68468 25.28168 34.64709 35.35642 38.38457 40.96174 14.77633 37.30542 30.94995 23.51417 24.48796 32.41462 34.35758 16.32858 33.56889 34.23282 14.52178 17.44209 23.23152 28.1045 27.59384 23.51485 22.79221 23.92634 23.71498 22.47213 19.11292 12.70454 15.60344 33.10378 35.60011 11.48981 40.94813 45.72684 38.99146 36.10493
7.1149 11.39134 28.67114 32.41176 29.03342 31.358 32.56589 33.22632 34.4742 33.24179 36.63231 44.50401 44.72977 34.56863 39.93924 45.2059 45.3079 25.30689 22.82286 31.92327 41.89165 33.32153 19.01647 31.47763 44.37111 44.27884 17.85838 13.90456 19.97546 35.55537 38.90505 43.30465 34.71151 27.01244 34.39153 21.8948 22.95649 28.31416 31.62631 28.46773 12.512 34.38313 30.02358 10.59056 24.06547 32.24739 29.60051 25.55293 21.28684 22.35795 24.79526 24.99567 22.18078 18.17395 13.55665 12.37892 23.50409 39.90944 20.23762 33.01176 45.55291 42.46975 36.8059
11.17932 25.13823 35.31493 34.83463 32.29783 33.94534 33.8311 31.18059 31.22033 29.83234 28.61534 37.4164 45.85752 48.05216 49.82194 46.87153 36.3756 16.92906 21.97419 31.59488 42.55861 28.75147 24.17515 34.99719 46.09184 40.69054 17.10381 18.70352 21.89396 34.41064 38.12597 40.2304 33.08598 35.38108 26.26742 14.75872 17.43956 25.14369 30.08505 24.53108 20.72448 37.45854 26.05781 14.11309 31.6968 35.72131 25.44186 24.63311 25.05781 27.73937 29.4781 27.9434 22.84673 18.62059 17.18133 12.85134 18.57149 38.84317 36.20071 17.47168 43.27588 44.42742 38.39128
21.99538 35.44365 38.7839 36.73358 34.41491 34.32294 32.56126 29.08294 30.01374 32.32235 30.57944 33.60503 43.58694 49.64883 47.31665 37.8175 23.88598 20.54826 25.27384 36.58639 42.31104 20.86675 26.30225 36.48056 46.19459 33.35071 17.48973 24.48524 28.40595 33.92679 32.65833 28.27772 29.45755 33.78038 26.78459 24.53445 31.74071 40.68311 42.4839 32.93129 32.71716 38.94647 25.85609 23.2222 37.30508 35.88604 25.30306 27.51524 30.63272 31.18839 31.34311 28.87784 21.27067 21.83449 16.75216 12.70078 14.27502 31.68706 41.86272 11.0496 37.80822 43.97314 39.7083
22.8283 36.83349 36.60843 35.9 35.10761 33.43285 31.19945 28.64138 30.20903 35.42928 38.4365 39.99625 41.11943 39.67872 33.64898 23.92331 15.55033 13.99895 18.63179 36.64861 40.93612 22.59494 30.78502 41.20706 44.8045 22.42146 19.70999 26.48159 33.63301 34.23843 24.07337 18.38611 26.96202 30.47152 33.68667 40.31515 46.47556 48.14089 42.35225 35.51477 41.16418 41.98713 26.28961 28.51418 40.75011 35.38209 27.70758 27.42765 26.60393 26.29271 30.52176 31.15084 23.48644 24.25178 13.11179 11.92576 9.348487 20.66885 40.87865 26.38626 30.30976 41.7506 39.73887
