data/arenosa/profsuelo_arenosa_clip.asc
ncols         74
nrows         83
xllcorner     892876.30040912
yllcorner     1171434.6457458
cellsize      10
NODATA_value  -9999
[rows 28 to 55 of 83, columns 0 to 62 of 74]
2.125856 1.761693 1.817232 1.800385 1.862567 1.94088 1.974061 2.037637 1.998976 1.810053 1.645115 1.599663 1.675076 1.866445 2.086656 2.303566 2.304079 2.287179 2.290424 2.092623 2.005717 2.231431 1.847981 1.635765 1.947131 2.638889 2.300177 2.159162 1.881808 2.013602 2.317218 2.084247 1.978057 1.983156 1.902707 1.759731 1.674997 1.768517 2.058887 2.009094 1.685579 1.505263 2.050213 1.977282 1.655767 1.963768 2.165951 2.222157 2.253582 2.18235 2.023829 1.953288 2.056387 2.238598 2.545987 2.547518 2.577521 2.438884 1.837816 1.994444 2.232396 1.837594 1.848924
1.910376 1.582659 1.686329 1.707052 1.833417 1.896714 1.924744 2.008125 1.982375 1.853145 1.787788 1.823133 1.94458 2.004532 1.951848 2.11201 2.192917 2.237755 2.320585 2.246341 2.404927 2.200436 1.787766 1.879731 2.437517 2.510792 2.249203 2.099156 2.047875 2.228427 2.055125 1.938955 1.88665 1.862298 1.917279 1.968822 1.938315 2.05191 2.268945 2.12453 1.831498 1.561508 2.097291 1.947655 1.737104 2.1563 2.315996 2.244976 2.235112 2.191096 1.977942 1.86413 1.980317 2.38026 2.548206 2.617692 2.622476 2.486048 2.030473 1.954941 2.408493 1.963389 2.04975
1.835176 1.516918 1.650716 1.779942 1.922616 1.943202 1.988676 2.068517 2.070163 2.060628 2.064928 2.114397 2.166178 1.978983 1.854417 1.983108 2.096431 2.254774 2.32521 2.427864 2.230729 1.889652 1.907763 2.239156 2.616744 2.338316 2.183302 2.264656 2.364627 2.054054 1.86433 1.772036 1.695122 1.728818 1.848629 1.911822 1.918383 2.170094 2.285424 2.057497 1.762039 1.835717 2.245914 2.01936 1.914567 2.152623 2.300716 2.309121 2.292789 2.088269 1.764541 1.880904 2.20266 2.383578 2.442152 2.485874 2.569319 2.450725 2.256551 1.995761 2.535547 1.976046 2.09847
1.994133 1.662516 1.811659 1.992615 2.060816 2.034873 2.087992 2.132916 2.147382 2.189019 2.163193 2.14202 2.044674 1.837747 1.857161 1.907727 2.007738 2.326496 2.371291 2.230678 1.873112 1.931665 2.215292 2.527366 2.554711 2.25618 2.263192 2.333484 2.019427 1.864925 1.796761 1.714075 1.711066 1.774327 1.798809 1.794745 1.921289 2.196533 2.134057 1.793128 1.796688 2.147089 2.138185 2.078666 2.003288 2.057836 2.268255 2.473495 2.034384 1.812361 1.810809 2.14534 2.418766 2.373547 2.323781 2.314363 2.400472 2.358519 2.35815 2.102471 2.527109 1.930725 1.846982
1.972724 1.731298 1.892959 1.99733 2.027606 2.072913 2.128755 2.143727 2.175353 2.237614 2.203707 2.119692 1.863858 1.662899 1.838097 1.889543 2.021293 2.377985 2.220593 1.910073 1.9236 2.268323 2.464488 2.525229 2.449552 2.28791 2.288554 2.033156 1.828425 1.729083 1.674252 1.718167 1.823778 1.855507 1.804093 1.843853 2.077145 2.230749 1.996708 1.755508 1.963297 2.075298 2.079145 2.037764 1.9437 2.022595 2.327383 2.267281 1.771952 1.85352 2.067002 2.373003 2.244627 2.189769 2.185434 2.143264 2.147472 2.161635 2.242115 2.151732 2.396347 1.968749 1.517015
1.96962 1.670179 1.754194 1.822308 1.922229 2.064036 2.130051 2.149496 2.195518 2.260986 2.265562 2.140949 1.71878 1.475355 1.757455 1.96072 2.172313 2.286888 2.022549 1.972523 2.240372 2.419165 2.410842 2.384998 2.313303 2.294232 2.146563 1.824785 1.591767 1.541314 1.622655 1.800707 1.915465 1.915776 1.950177 2.100222 2.24878 2.139189 1.914465 1.995778 2.077864 1.968166 2.005617 1.975765 1.892756 1.986237 2.30457 1.886167 1.771291 1.956913 2.283316 2.298079 2.071658 1.988055 1.967135 1.92692 1.839147 1.779001 1.900889 2.041027 2.209143 2.251872 1.401255
1.977366 1.633126 1.696456 1.791497 1.902156 2.021483 2.088246 2.147938 2.21672 2.309911 2.423263 2.252719 1.598369 1.336273 1.751435 2.138197 2.32067 2.144424 2.005099 2.218271 2.349972 2.2704 2.181314 2.219683 2.207422 2.138299 1.91035 1.604894 1.483499 1.649554 1.835839 1.981687 2.0563 2.105972 2.223648 2.280637 2.201356 2.079701 1.955882 1.933658 1.878136 1.888036 1.928986 1.817177 1.775433 1.999432 2.149379 1.615163 1.814548 2.059453 2.431405 2.109944 2.092881 2.033389 1.972172 1.924698 1.831851 1.659168 1.662458 1.859254 1.950427 2.465726 1.676282
1.997796 1.699354 1.820935 1.854669 1.887396 1.977978 2.06028 2.147075 2.231344 2.310377 2.404647 2.069771 1.502279 1.421759 1.878981 2.298192 2.286523 2.123557 2.195099 2.35698 2.284104 2.104338 2.10059 2.082604 2.040419 1.903313 1.707587 1.564747 1.771069 2.097547 2.185194 2.159537 2.147487 2.236268 2.323933 2.22339 2.10458 2.065923 1.937215 1.833431 1.858804 1.92746 1.928887 1.707117 1.769111 2.120176 1.765821 1.547289 1.943986 2.206507 2.326048 2.00716 2.04198 1.995415 1.9369 1.911878 1.880297 1.745034 1.692175 1.754785 1.696589 1.943826 2.275422
1.9777 1.832526 1.98155 1.952405 1.923798 1.952721 2.033841 2.175599 2.107905 2.080252 2.170799 1.865043 1.671488 1.692849 2.019519 2.310516 2.161548 2.155937 2.287262 2.288005 2.145651 2.089921 2.146588 2.04522 1.930259 1.808183 1.702304 1.777419 2.097447 2.338509 2.339488 2.230047 2.179785 2.243926 2.278209 2.19419 2.051763 2.032387 2.038355 2.011489 2.013927 1.991113 1.93276 1.831582 2.179415 1.920573 1.387392 1.769043 2.20068 2.251841 2.151823 1.885517 1.965019 1.926568 1.859651 1.869045 1.793599 1.683713 1.744883 1.879099 1.755572 1.623503 2.46039
2.088405 1.997292 2.097407 2.070117 2.137216 2.219053 2.193439 2.233398 2.0206 1.962853 1.955471 1.820649 1.90532 1.943488 2.223536 2.206634 2.081733 2.084932 2.111043 2.114628 2.08546 2.13798 2.1713 2.075995 1.953349 1.883245 1.935732 2.122972 2.322037 2.336319 2.231149 2.183586 2.226263 2.270079 2.25533 2.21543 2.108236 2.03802 2.046453 2.083031 2.088419 2.059979 2.036812 2.166711 2.333359 1.490637 1.485622 2.133034 2.279481 2.281315 2.053388 1.818898 1.939063 1.979676 2.015717 1.992928 1.860186 1.714063 1.756984 1.932246 1.847849 1.477072 1.871454
2.636032 2.321499 2.240574 2.251848 2.465752 2.538222 2.282415 2.121384 1.994765 1.949249 1.755816 1.789428 2.032494 2.237619 2.225225 1.930188 1.857767 1.823426 1.831119 1.93104 2.03155 2.148228 2.209983 2.147807 2.044377 2.061409 2.197024 2.323641 2.323653 2.178185 2.122818 2.182667 2.241524 2.259237 2.272832 2.224746 2.133643 2.084105 2.081117 2.101415 2.113644 2.11352 2.150837 2.361827 1.886173 1.429949 1.871416 2.23303 2.277569 2.252551 1.925895 1.776832 1.941831 2.041959 2.126672 2.044599 1.976087 1.850307 1.720399 1.715136 1.791184 1.462796 1.415321
2.142552 2.040457 2.283923 2.395264 2.59834 2.483326 2.184626 1.862219 1.797966 1.800806 1.736915 1.934225 2.26047 2.188018 1.774133 1.663471 1.692899 1.7593 1.815084 1.838226 1.931061 2.056685 2.117893 2.089622 2.104696 2.219125 2.289536 2.224557 2.069112 2.018645 2.120202 2.201198 2.260439 2.276368 2.322118 2.230734 2.144253 2.118832 2.104727 2.096661 2.070127 2.032027 2.126053 2.197244 1.574906 1.631862 2.191437 2.202135 2.187863 2.10784 1.766168 1.746059 1.997649 2.125088 2.126174 1.938053 1.939919 1.994273 1.825601 1.646171 1.768369 1.635721 1.236379
2.066349 1.789226 2.069857 2.338258 2.620682 2.360714 1.932544 1.526951 1.709543 1.978436 2.012976 2.233686 2.190196 1.740721 1.630878 1.694028 1.702905 1.75903 1.850224 1.889147 1.928627 1.96667 1.951044 1.916737 1.997828 2.101728 2.105921 1.964902 1.907158 2.039469 2.148808 2.240951 2.296233 2.323234 2.229699 2.147296 2.126755 2.114809 2.095147 2.046013 1.933122 1.967766 2.106059 1.750912 1.528202 2.022255 2.21157 1.956793 1.839663 1.788467 1.638483 1.795447 2.047888 2.115543 2.100624 1.863195 1.809989 2.108914 2.103345 1.78752 1.843246 1.755404 1.073528
2.047233 1.690662 1.967386 2.284678 2.510014 2.167068 1.808804 1.508136 1.94554 2.332746 2.318107 2.176025 1.846939 1.778219 1.940383 1.959025 1.849851 1.803038 1.854553 1.968322 2.008631 2.018543 2.058048 2.022448 2.005175 1.973644 1.960344 1.936771 2.030372 2.188094 2.290034 2.305608 2.229917 2.151107 2.042553 2.088641 2.107978 2.096572 2.048678 1.945266 1.936503 2.055014 1.839338 1.545277 1.729944 2.269377 1.872763 1.623514 1.561797 1.620898 1.669229 1.904994 2.05559 2.063676 2.11982 1.941062 1.774885 2.009317 2.088926 1.797436 1.983235 2.028316 1
2.023714 1.677552 1.899948 2.251322 2.335227 2.032091 1.831621 1.671616 2.131568 2.30513 2.016744 1.848152 1.892692 2.014906 2.165735 2.175821 2.125792 2.208784 2.10174 2.041077 2.026395 2.038741 2.131486 2.150014 2.061158 1.891656 1.874021 2.032889 2.182012 2.25339 2.286432 2.246562 2.081422 1.955141 2.025884 2.097963 2.102698 2.070628 2.008173 2.016797 2.152573 1.832234 1.626354 1.712594 1.976306 1.946741 1.59117 1.646067 1.684465 1.787995 1.886708 2.034677 2.138197 2.233834 2.310274 2.067872 1.940551 2.196816 2.119592 1.707328 2.017642 2.248011 1.10143
2.221644 1.792397 1.865351 2.327339 2.276308 1.955451 1.85653 1.94664 2.418933 1.981896 1.828253 1.938393 2.029872 2.044274 2.158915 2.226102 2.193757 2.314214 2.224158 2.084336 2.022332 1.99335 2.027168 2.040149 1.912796 1.798788 1.725817 1.748998 1.84235 1.973178 2.066999 2.095525 2.034767 2.04163 2.104643 2.129373 2.116729 2.104251 2.132276 2.237495 2.005481 1.61965 1.745013 1.912926 1.927253 1.625414 1.696294 2.05034 2.17301 2.211193 2.073839 2.093265 2.225255 2.368752 2.375841 2.01878 1.896087 2.205549 2.130162 1.753579 1.978728 2.182534 1.327944
2.326572 1.881254 1.902338 2.441945 2.208364 1.946635 1.994801 2.252077 2.155877 1.954739 2.126641 2.163115 2.086918 2.091532 2.172328 2.19552 2.165946 2.195651 2.187315 2.120527 2.039753 1.933441 1.898431 1.858934 1.72664 1.741407 1.728323 1.676982 1.732083 1.84542 1.946553 2.012247 2.024279 2.052544 2.074346 2.127794 2.160561 2.210047 2.289351 2.28264 1.827745 1.623843 1.870992 2.01419 1.941627 1.829653 2.14003 2.286255 2.3108 2.205106 2.075637 2.181321 2.281918 2.356405 2.319551 1.909821 1.780976 2.116516 2.153778 1.883138 1.892472 1.979967 1.500661
2.285603 1.960705 2.003127 2.593619 2.173075 2.085022 2.181881 2.110486 1.937234 2.077973 2.242326 2.071862 1.864874 1.967312 2.141742 2.237696 2.227639 2.217998 2.249433 2.181384 2.062506 1.895091 1.710384 1.619315 1.650608 1.81793 1.937093 1.993531 2.040096 2.005794 1.998905 2.015924 2.002935 2.02108 2.046623 2.118923 2.187718 2.241562 2.289684 2.202112 1.870681 1.690305 1.866969 2.051408 2.053932 2.172356 2.364775 2.273315 2.170496 2.056896 2.203667 2.391734 2.384026 2.365336 2.279844 1.876184 1.706381 1.943904 2.009821 1.871934 1.811485 1.788855 1.520449
2.307379 2.066327 2.041019 2.449511 2.093024 2.090262 2.066786 1.933307 1.947074 2.120654 2.153321 1.895941 1.845597 1.954022 2.074129 2.189103 2.177295 2.220435 2.286646 2.223608 2.077947 1.974819 1.842981 1.788815 1.885451 2.027771 2.122192 2.151195 2.156931 2.127946 2.12745 2.117925 2.139771 2.194073 2.157295 2.144115 2.191401 2.219723 2.211823 2.118836 1.992902 1.826512 1.909984 2.042997 2.069454 2.184548 2.221994 2.17589 2.228567 2.353822 2.527052 2.574472 2.516565 2.442138 2.295833 1.930874 1.705482 1.868085 1.947318 1.852124 1.782512 1.659993 1.395238
2.337176 2.213163 2.088131 2.366157 2.109174 1.924597 1.864119 1.914631 2.100477 2.245551 2.167637 1.964718 2.127074 2.162424 2.119111 2.118398 2.019425 2.135083 2.288405 2.191221 2.050791 2.060185 2.080099 2.110251 2.107921 2.108118 2.163999 2.199123 2.179916 2.13286 2.13939 2.180397 2.259165 2.332404 2.305406 2.226307 2.239052 2.254747 2.182124 2.082669 2.043023 1.959901 1.983246 2.102129 2.138355 2.183779 2.246203 2.288141 2.38679 2.545246 2.599519 2.585644 2.610761 2.656889 2.508065 2.082682 1.793872 1.89014 1.929282 1.828463 1.768493 1.599679 1.283257
2.305296 2.265868 2.241231 2.283023 2.403169 2.103598 1.991775 2.051075 2.186569 2.263503 2.144017 2.051908 2.154325 2.162835 2.161314 2.177519 1.982302 2.01782 2.200919 2.108394 1.989693 2.080121 2.108786 2.134327 2.133065 2.165372 2.203636 2.21194 2.184354 2.142781 2.155279 2.238055 2.313159 2.359549 2.39278 2.329379 2.300754 2.307219 2.240085 2.152994 2.126121 2.0701 2.021936 2.112442 2.242178 2.334489 2.363908 2.348339 2.322859 2.39438 2.491999 2.512815 2.547942 2.583033 2.513568 2.203739 1.979919 2.012504 1.854719 1.698228 1.696599 1.587529 1.306694
2.281195 2.132048 2.114316 2.111185 2.246506 2.222276 2.195436 2.181241 2.167675 2.18899 2.114289 2.026401 2.106827 2.15827 2.159695 2.190853 2.010835 2.107026 2.108296 2.104036 1.986963 2.101709 2.123331 2.184742 2.259029 2.337285 2.344324 2.295551 2.239895 2.218775 2.237244 2.290127 2.314279 2.297815 2.344567 2.361545 2.301845 2.312959 2.298915 2.265015 2.304927 2.301964 2.278931 2.355654 2.449999 2.520176 2.553757 2.495386 2.456954 2.497754 2.513501 2.471817 2.484591 2.523508 2.508352 2.369227 2.264111 2.18136 1.950061 1.711375 1.630597 1.52428 1.345546
2.235594 2.095529 2.105195 2.045617 2.062652 2.116658 2.189749 2.191795 2.169328 2.173476 2.062044 1.935026 2.125296 2.182214 2.210774 2.134352 1.966405 2.159305 2.088191 2.103568 1.957265 2.048733 2.191803 2.282345 2.361534 2.426269 2.447273 2.415257 2.34989 2.306623 2.312621 2.336514 2.366769 2.376188 2.338608 2.210547 2.149837 2.221577 2.28036 2.316198 2.368979 2.375445 2.361497 2.27141 2.193143 2.230675 2.244931 2.188709 2.086713 1.995997 2.036512 2.22408 2.397722 2.505413 2.594908 2.540192 2.43772 2.344284 2.155149 1.902875 1.79426 1.645201 1.336236
2.150982 2.014529 2.142693 2.075009 2.073094 2.197827 2.293171 2.323088 2.273044 2.113546 1.875851 1.881589 2.179493 2.170289 2.299511 2.135063 1.913257 2.048059 1.946415 1.894605 1.838357 2.004865 2.252063 2.307697 2.317853 2.298443 2.29142 2.334167 2.377415 2.368987 2.385067 2.400819 2.373725 2.207802 1.970494 1.877325 1.975146 2.104251 2.157119 2.179835 2.203259 2.192447 2.163635 2.054481 1.993911 1.990771 1.881318 1.759895 1.666001 1.645846 1.709406 1.789907 1.880821 2.01261 2.196522 2.366033 2.52361 2.674618 2.421458 2.13211 2.031464 1.84116 1.323816
2.072232 1.827629 1.79698 1.865659 2.114413 2.318337 2.334417 2.374393 2.271803 2.017483 1.845827 2.033596 2.214389 2.13467 2.296294 2.067822 1.901396 2.15851 1.981608 1.871609 1.893699 2.091027 2.263269 2.25384 2.209872 2.197787 2.229375 2.316449 2.367432 2.378365 2.403242 2.363171 2.118051 1.809112 1.700155 1.797462 1.909604 1.888003 1.784894 1.716825 1.691652 1.674451 1.717758 1.818894 1.880735 1.949336 1.921419 1.854254 1.834405 1.924069 1.998025 1.88397 1.696481 1.597667 1.638371 1.868745 2.129221 2.302838 2.329528 2.215259 2.115368 1.831286 1.321346
2.077856 1.917936 1.920491 1.978238 2.20799 2.320658 2.37075 2.318015 2.131585 1.908021 1.922739 2.157788 2.140002 1.999425 2.30424 2.058762 1.844977 2.240425 2.213585 2.183939 2.222017 2.357104 2.44885 2.472624 2.501492 2.522977 2.478778 2.391726 2.344293 2.355636 2.342716 2.210596 1.860034 1.669848 1.778559 1.929188 1.896301 1.772748 1.745411 1.772243 1.757966 1.754107 1.827201 1.868956 1.874808 1.973381 2.067372 2.087199 2.082029 2.157549 2.206689 2.124471 1.979849 1.859752 1.710758 1.651768 1.745707 1.79961 1.732172 1.817692 1.967256 1.901828 1.44093
2.055111 1.984439 2.126391 2.208475 2.25816 2.27678 2.462835 2.300482 2.029621 1.834819 1.971338 2.16204 2.1048 1.802169 1.835672 1.780731 1.749131 2.265555 2.407095 2.476735 2.53387 2.662057 2.662001 2.629868 2.596455 2.611517 2.67749 2.433375 2.30295 2.33548 2.272344 2.031723 1.751273 1.730825 1.79274 1.92042 1.954531 1.952449 2.098536 2.190435 2.188511 2.194467 2.199936 2.120182 2.06616 2.111753 2.173544 2.177788 2.147728 2.221374 2.173125 2.041767 2.023727 2.064474 1.978188 1.755089 1.599652 1.5574 1.558833 1.632904 1.713915 1.726213 1.552223
1.981646 1.865384 2.082617 2.235614 2.183096 2.209191 2.32585 2.132555 1.948509 1.927026 2.140876 2.236387 2.168753 1.856293 1.526187 1.48676 1.842937 2.357527 2.527143 2.573534 2.639781 2.67293 2.627623 2.599676 2.605299 2.564461 2.473067 2.369303 2.298173 2.322665 2.231897 1.966186 1.779188 1.74139 1.713903 1.877536 2.04562 2.130171 2.274068 2.313411 2.268505 2.265392 2.285874 2.262081 2.271585 2.343539 2.389032 2.332666 2.271228 2.344089 2.302301 2.311662 2.410841 2.442779 2.367814 2.11521 1.902092 1.888734 1.971264 1.959495 1.839466 1.716002 1.696207
