data/arenosa/profsuelo_arenosa_clip.asc
ncols         74
nrows         83
xllcorner     892876.30040912
yllcorner     1171434.6457458
cellsize      10
NODATA_value  -9999
[rows 0 to 27 of 83, columns 0 to 62 of 74]
2.636966 2.477032 2.398429 2.426042 2.48693 2.582555 2.625139 2.511438 2.444482 2.442863 2.541692 2.235214 2.421649 2.327332 2.316713 2.429409 2.462472 2.594306 2.599683 2.562948 2.589204 2.577238 2.482779 2.394826 2.510614 2.53602 2.425272 2.236173 2.11274 2.373258 2.307917 2.212042 2.373287 2.312406 2.328697 2.474571 2.345522 2.342068 2.350866 2.514163 2.559043 2.57762 2.481085 2.443172 2.587825 2.636667 2.495001 2.508047 2.512895 2.474624 2.171128 2.0877 2.475615 2.320073 2.447998 2.588513 2.60468 2.642295 2.613702 2.581927 2.55924 2.592792 2.394067
2.476866 2.363388 2.36015 2.425482 2.517956 2.608046 2.571202 2.494691 2.400956 2.314233 2.606203 2.18422 2.117231 2.105965 2.161131 2.314594 2.457 2.690761 2.533978 2.583403 2.553453 2.593321 2.312793 2.076263 2.146598 2.097476 1.975468 1.765411 1.886065 2.147509 2.164034 2.139166 2.28712 2.135226 2.359714 2.189411 2.032281 2.081066 2.180128 2.314144 2.374468 2.333126 2.222874 2.193718 2.285462 2.367429 2.32861 2.430066 2.528282 2.416493 2.143167 1.915712 2.50053 2.218197 2.33864 2.502402 2.559569 2.559483 2.559998 2.484126 2.439315 2.544523 2.466437
2.516776 2.519418 2.635751 2.66133 2.580234 2.563272 2.552936 2.57201 2.557337 2.355753 2.261086 2.5968 2.294411 2.215876 2.339566 2.490519 2.654482 2.469197 2.523928 2.509648 2.580196 2.485898 2.106477 1.869058 1.997324 1.940796 1.875166 1.945628 2.318258 2.414312 2.227055 2.051528 1.961843 2.263596 2.436644 2.010253 2.00914 2.085951 2.199838 2.297186 2.334129 2.253579 2.111129 2.02986 2.015414 1.99927 1.995351 2.192168 2.49029 2.487542 2.395955 1.855542 2.503058 2.262661 2.26309 2.442149 2.552057 2.559154 2.610605 2.573409 2.507544 2.498081 2.696199
2.5811 2.589309 2.609945 2.611995 2.606008 2.582932 2.576839 2.608807 2.650433 2.562554 2.263774 2.234118 2.464879 2.564273 2.56643 2.496344 2.391516 2.372752 2.449967 2.355541 2.517304 2.338111 1.93621 1.822409 2.104424 2.141139 2.117949 2.290799 2.340108 2.02163 1.901657 1.862737 2.094016 2.622649 2.130567 2.074038 2.078528 2.080323 2.137851 2.235701 2.311153 2.197601 2.110015 2.108112 2.107084 2.069553 1.939833 2.054442 2.363964 2.598965 2.589947 1.941801 2.177174 2.33652 2.154938 2.387743 2.535617 2.56736 2.626093 2.656211 2.616201 2.523878 2.581983
2.533511 2.508502 2.583442 2.588225 2.586802 2.571442 2.573267 2.608861 2.640426 2.625019 2.511956 2.379442 2.376405 2.403628 2.439893 2.417649 2.376775 2.435151 2.531037 2.362819 2.531052 2.132845 1.816057 1.847802 2.218127 2.262593 2.225817 2.330044 1.877451 1.774643 1.895461 2.083042 2.586429 2.272278 2.02905 2.040893 2.002754 2.134504 2.279659 2.316937 2.353186 2.260565 2.271399 2.409236 2.442254 2.389105 2.140675 2.012992 2.215166 2.677985 2.499451 2.086764 2.036858 2.396395 2.082602 2.316402 2.510897 2.574809 2.63586 2.664636 2.629886 2.555918 2.54145
2.463763 2.370787 2.523139 2.596329 2.584714 2.51822 2.500373 2.562273 2.585397 2.524432 2.506041 2.537292 2.544544 2.549832 2.561321 2.535711 2.549037 2.661847 2.496663 2.489018 2.379467 1.881018 1.738723 1.965253 2.254898 2.249704 2.376886 1.929459 1.532451 1.838158 2.067369 2.43172 2.446484 2.113539 1.969314 1.987707 1.976238 2.270981 2.365443 2.425551 2.455294 2.415958 2.416932 2.591775 2.550071 2.435401 2.208885 1.956703 2.06915 2.572781 2.570678 2.162211 2.134494 2.47102 2.074364 2.231032 2.517283 2.576843 2.616986 2.62958 2.615539 2.577419 2.564169
2.333863 2.220416 2.424961 2.582257 2.615445 2.529395 2.482169 2.51517 2.578939 2.620432 2.625567 2.552037 2.498978 2.532394 2.561867 2.59548 2.698434 2.50334 2.515539 2.443479 1.966159 1.7326 1.814179 2.111228 2.216429 2.267069 2.484123 1.579096 1.447824 1.995349 2.270062 2.560996 2.200065 1.971151 1.955155 2.021741 2.044225 2.442434 2.366058 2.463703 2.500933 2.459819 2.490401 2.62386 2.637517 2.525915 2.315164 1.967081 1.998491 2.477374 2.637913 2.173141 2.342078 2.523807 2.109914 2.146974 2.542739 2.58801 2.591759 2.583622 2.571075 2.569609 2.577872
2.334673 2.146726 2.329042 2.489712 2.515252 2.507042 2.553685 2.538054 2.568667 2.526315 2.461992 2.459403 2.43118 2.461365 2.564243 2.602054 2.539395 2.666538 2.24112 1.838923 1.722757 1.721068 1.918121 2.176422 2.363142 2.603815 2.333802 1.510423 1.529383 2.066361 2.377923 2.451773 1.963513 1.758981 1.943311 2.070102 2.147017 2.578725 2.431685 2.507733 2.502113 2.403175 2.450229 2.581478 2.638116 2.611879 2.442005 2.039648 2.037102 2.444567 2.423257 2.193338 2.466475 2.50743 2.166528 2.136234 2.498891 2.599369 2.586452 2.537478 2.484865 2.468184 2.500603
2.368026 2.129713 2.243177 2.38124 2.513037 2.596235 2.648747 2.564836 2.518327 2.491148 2.515365 2.527628 2.493845 2.472662 2.467322 2.589528 2.439852 1.986285 1.729508 1.778213 1.766436 1.826914 2.177242 2.645653 2.29515 2.017109 1.966245 1.719442 1.75024 2.067114 2.411629 2.449889 1.941885 1.827577 2.07846 2.144168 2.329612 2.604822 2.48866 2.563458 2.522763 2.428215 2.501642 2.508568 2.524753 2.553066 2.402997 2.121019 2.157991 2.516071 2.387002 2.120754 2.349455 2.516277 2.222081 2.165272 2.430393 2.580559 2.566396 2.505292 2.465677 2.402291 2.42262
2.389513 2.067932 2.120785 2.224085 2.376236 2.559994 2.646508 2.589692 2.496301 2.472048 2.533467 2.569126 2.538005 2.432225 2.377129 2.467557 1.899242 1.791904 1.882764 1.861884 1.826408 2.212945 2.511988 2.01148 1.777621 1.809165 1.931813 2.116806 2.003732 2.062266 2.414002 2.517818 2.0639 1.739718 1.914418 2.335699 2.57069 2.606623 2.535663 2.588695 2.537364 2.525605 2.657465 2.550889 2.454463 2.422597 2.282228 2.156455 2.330236 2.605317 2.441043 2.137063 2.148146 2.562817 2.294339 2.116237 2.351368 2.549417 2.540732 2.512887 2.549778 2.461154 2.424021
2.27078 1.979117 2.005518 2.077755 2.141758 2.377364 2.551789 2.49561 2.434865 2.482623 2.512245 2.551692 2.533119 2.465883 2.354035 2.276843 1.78048 2.012226 1.899279 1.850905 2.199568 2.470772 1.911448 1.796072 1.992367 2.114038 2.099419 2.174077 2.18839 2.223742 2.354576 2.473313 2.421347 1.917701 1.667523 1.866048 2.355365 2.648211 2.585784 2.639282 2.555031 2.594752 2.667727 2.565882 2.450346 2.306733 2.21033 2.276582 2.542481 2.418366 2.428485 2.2853 2.074635 2.313309 2.441695 2.039543 2.205085 2.51183 2.508142 2.531799 2.603123 2.536395 2.503701
2.301224 1.994182 1.918215 1.936592 1.922555 1.945631 2.071008 2.215488 2.376234 2.468467 2.478072 2.515643 2.515716 2.518352 2.426709 2.203291 1.677391 1.955343 1.902882 2.209696 2.526159 2.052984 1.787717 2.040626 2.347896 2.488423 2.649024 2.655731 2.541584 2.340333 2.195636 2.204667 2.48423 2.328038 1.953272 1.774884 2.061618 2.66857 2.600485 2.610681 2.574202 2.629888 2.662789 2.576875 2.441143 2.266632 2.222697 2.318342 2.535588 2.458386 2.468125 2.431627 2.152628 2.04632 2.598403 2.095147 2.018392 2.378551 2.520521 2.543035 2.591097 2.54694 2.553068
2.367796 2.116862 1.94409 1.840698 1.865562 1.898529 2.016253 2.255637 2.451524 2.431263 2.442997 2.475939 2.487218 2.485061 2.585156 2.089715 1.628629 1.826563 2.105585 2.626459 2.315916 1.932635 1.836825 2.243006 2.528597 2.372804 2.190704 2.09045 2.078518 2.093643 2.138349 2.144186 2.240297 2.568057 2.193883 1.857187 1.920973 2.491076 2.609543 2.625241 2.669712 2.640508 2.531438 2.450593 2.343247 2.256709 2.324764 2.412602 2.620728 2.542289 2.545807 2.502051 2.346575 2.00781 2.336736 2.235475 1.903027 2.207877 2.589102 2.573181 2.58691 2.509083 2.541927
2.447077 2.338955 2.270959 2.150259 2.194154 2.26629 2.330323 2.400014 2.428237 2.399728 2.378196 2.416441 2.443257 2.499331 2.546656 2.00073 1.679416 1.763879 2.222272 2.534374 2.17762 1.892319 1.936853 2.454485 2.293132 2.134932 2.067488 2.059254 2.039753 2.042272 2.060327 2.034366 2.049893 2.245434 2.424031 1.97212 1.879378 2.258838 2.680549 2.607281 2.485381 2.369672 2.260794 2.185046 2.179646 2.25958 2.388417 2.566011 2.594095 2.565916 2.629511 2.532092 2.47165 2.104211 2.101701 2.501574 1.917951 2.014597 2.492794 2.686094 2.64069 2.505237 2.467283
2.472529 2.370222 2.354302 2.27215 2.260966 2.275381 2.321463 2.384186 2.465129 2.478477 2.384601 2.364415 2.429155 2.522879 2.293194 2.046057 1.742167 1.728752 2.214268 2.419503 2.039873 1.778865 2.079931 2.390335 2.086912 1.999373 1.952623 1.965217 1.980171 2.059579 2.115227 2.107683 2.117747 2.042301 2.424417 2.210028 1.861054 2.069755 2.629915 2.415621 2.384236 2.343355 2.360931 2.440354 2.509597 2.586503 2.529793 2.475219 2.477908 2.550198 2.604035 2.553623 2.482076 2.238091 2.034704 2.503579 2.1294 1.909373 2.257251 2.591283 2.678279 2.594383 2.47439
2.433712 2.267357 2.286642 2.232202 2.17489 2.202519 2.300362 2.390533 2.45261 2.480572 2.421877 2.406232 2.476303 2.397225 2.18462 2.058977 1.769019 1.734354 2.22018 2.408931 1.987384 1.700804 2.191271 2.129315 2.061271 2.029369 1.967037 1.939078 1.979173 2.070915 2.115588 2.212845 2.35071 2.101095 2.240643 2.4122 1.884861 2.0185 2.586374 2.391631 2.485877 2.522594 2.674126 2.549859 2.421255 2.408314 2.387976 2.413671 2.487298 2.527236 2.55805 2.554702 2.487561 2.353396 2.129904 2.237415 2.506298 2.020475 2.072968 2.457308 2.645187 2.628727 2.498269
2.339667 2.147413 2.26196 2.19596 2.057181 2.173585 2.448088 2.466682 2.400852 2.394255 2.321774 2.304181 2.377711 2.303805 2.126925 2.001393 1.839709 1.83479 2.239977 2.394787 1.980108 1.680894 2.287762 1.981822 1.927158 1.90598 1.966865 2.06275 2.120697 2.081691 2.028922 2.190162 2.378653 2.096067 2.152714 2.385498 1.934023 2.099454 2.559322 2.439164 2.504385 2.5546 2.585693 2.555015 2.540589 2.552733 2.5775 2.557596 2.578202 2.595807 2.588649 2.560369 2.482029 2.377038 2.23426 2.102923 2.424356 2.303677 1.973659 2.26645 2.612878 2.544075 2.323196
2.289988 2.054611 2.229391 2.153283 2.052973 2.244061 2.293627 2.205332 2.197314 2.242285 2.202899 2.201714 2.284027 2.229775 2.10074 2.002562 1.971446 1.912959 2.194263 2.340682 1.981719 1.690761 2.358514 1.816972 1.757594 1.865106 2.069482 2.26895 2.252021 2.176175 2.041261 2.120176 2.337905 1.984361 2.124427 2.346494 2.059487 2.237196 2.567666 2.460263 2.528174 2.613158 2.617342 2.660935 2.682032 2.629853 2.623773 2.60334 2.587405 2.590586 2.602005 2.60375 2.532269 2.435093 2.310958 2.080331 2.077493 2.626415 2.052316 2.05802 2.337031 2.137086 1.997762
2.292535 1.967286 2.130682 2.074384 2.188524 2.426939 2.220497 2.161332 2.179163 2.305954 2.298973 2.313979 2.392291 2.329598 2.167285 1.998794 2.010589 1.838132 2.078451 2.180953 1.889042 1.771313 2.462247 1.860844 1.739436 2.049186 2.22263 2.263416 2.145156 2.093066 2.021829 2.039424 2.258594 1.827125 2.057549 2.274517 2.164963 2.349819 2.638266 2.456993 2.548438 2.605575 2.663363 2.698276 2.692945 2.675918 2.636337 2.615756 2.597778 2.60029 2.624768 2.627021 2.58653 2.550159 2.488252 2.265159 2.006751 2.373561 2.163065 1.789199 1.935774 1.844057 1.806656
2.247585 1.87397 1.984527 2.050262 2.425127 2.282609 2.142058 2.100449 2.082276 2.19801 2.215345 2.311076 2.540431 2.5874 2.192219 1.953603 1.950627 1.722715 2.095808 2.042527 1.749083 1.867109 2.456865 2.048678 1.649735 2.074587 2.329305 2.258448 2.149423 2.009918 1.960383 2.015261 2.186836 1.68817 2.000014 2.239707 2.244233 2.410367 2.613676 2.422459 2.413695 2.447785 2.519253 2.562537 2.537064 2.554332 2.580115 2.58768 2.585841 2.583435 2.610147 2.62943 2.599163 2.622287 2.623162 2.436769 2.06806 2.260607 2.243802 1.60158 1.740633 1.922844 1.942099
2.016834 1.790279 1.934421 2.22312 2.341974 1.91169 1.958124 1.950795 1.888111 1.93549 1.988887 2.075683 2.277879 2.557875 2.102357 1.840642 1.786951 1.690128 2.307089 1.963858 1.752937 1.923989 2.397821 2.245993 1.679832 1.846278 2.471037 2.349863 2.43177 2.300056 2.116335 2.067828 2.134949 1.68277 2.085167 2.264164 2.29384 2.369467 2.308408 2.116786 1.98004 2.120912 2.295359 2.429193 2.3975 2.41469 2.511229 2.551936 2.457994 2.400583 2.432782 2.527625 2.582394 2.616706 2.586637 2.43773 2.057919 2.210973 2.301443 1.533504 1.625891 1.883196 1.971552
2.252718 1.936458 2.12846 2.393831 1.922557 1.82439 2.021659 1.990167 1.875765 1.769023 1.777768 1.865903 1.983335 2.108946 1.851163 1.743015 1.684319 1.719941 2.49199 1.943724 1.875237 1.980101 2.431599 2.36255 1.779933 1.693627 2.508478 2.298836 2.372934 2.297674 2.13552 2.078961 1.968873 1.712989 2.394041 2.164033 2.229408 2.267336 2.141577 2.023279 1.892837 1.879705 2.145956 2.447658 2.392457 2.369239 2.326257 2.283624 2.220333 2.214364 2.249144 2.360728 2.473501 2.539429 2.437525 2.336461 1.964865 2.161289 2.342228 1.521903 1.539006 1.865477 1.951609
2.451925 2.180338 2.33252 2.015027 1.794286 1.973647 2.114198 2.036126 1.939924 1.745851 1.591589 1.632034 1.819169 2.023325 1.87533 1.887881 1.703069 1.772832 2.365558 1.954358 1.916678 1.987429 2.552985 2.373831 1.808254 1.614526 2.339123 2.198584 2.157451 2.108328 2.037541 2.006187 1.758769 1.960035 2.257347 1.986776 2.229808 2.32307 2.128798 1.987213 2.173743 1.839553 1.962334 2.433401 2.402878 2.376487 2.177518 2.081372 2.159345 2.213795 2.205501 2.239834 2.305022 2.388832 2.372108 2.32806 1.882062 2.088847 2.381488 1.56035 1.523072 1.878117 1.924597
2.499638 2.378534 2.270897 1.917545 1.981547 2.060025 2.057817 1.960978 1.888479 1.803802 1.604439 1.471465 1.652334 2.059316 2.037441 1.972564 1.620609 1.856763 2.194054 1.947884 1.802351 1.947467 2.556926 2.228523 1.725668 1.554213 2.246003 2.281753 2.173149 1.922385 1.901235 1.806513 1.719437 2.412194 1.841138 2.02715 2.215791 2.192446 1.986681 1.930914 2.37873 1.953853 1.934571 2.417634 2.354399 2.222502 2.102372 2.11544 2.215775 2.232877 2.205953 2.211006 2.240394 2.317322 2.456127 2.394426 1.967184 1.893883 2.481547 1.719914 1.5388 1.786584 1.878509
2.57147 2.483598 2.087724 1.986761 2.078276 2.016004 1.982427 1.963686 1.927485 1.963243 1.862235 1.587934 1.57902 1.924702 1.754767 1.55999 1.555871 2.172532 2.232155 2.0004 1.686343 1.960961 2.319482 2.012717 1.59315 1.596757 2.345227 2.430775 2.29789 1.895236 1.789442 1.634164 1.92048 2.130172 1.929917 2.253865 2.229005 2.09697 2.008621 2.093 2.460172 1.930163 2.052109 2.500223 2.202618 1.991367 2.063352 2.166497 2.267933 2.243067 2.185004 2.180131 2.247206 2.338246 2.438151 2.462964 2.216031 1.75578 2.291942 1.969805 1.545918 1.66528 1.85683
2.488008 2.176655 1.902482 1.916829 1.989955 1.942957 1.946273 2.020862 2.019775 2.057203 2.089174 1.837624 1.533422 1.439131 1.357043 1.490815 1.870184 2.365645 2.252019 2.009488 1.662008 2.085635 2.199984 1.911992 1.523716 1.728913 2.361821 2.326473 2.253884 1.929355 1.814903 1.744815 1.967691 1.900493 2.148828 2.41257 2.354455 2.176522 2.050468 2.191404 2.280843 1.836286 2.154034 2.426343 2.006675 1.890209 2.169224 2.188935 2.178617 2.111728 2.066588 2.106508 2.231593 2.328322 2.360123 2.453039 2.329416 1.791485 1.875569 2.353749 1.63525 1.590943 1.806294
2.251526 1.898608 1.793438 1.859085 1.929229 1.93193 1.982557 2.076979 2.052372 1.989269 2.03719 1.952811 1.623449 1.365334 1.471601 1.824834 2.206919 2.284868 2.173341 1.863661 1.671101 2.277586 2.147962 1.86694 1.519434 1.960124 2.353352 2.192512 2.094599 1.943496 1.97982 2.097911 2.06713 1.947743 2.135903 2.191323 2.005461 1.729171 1.664759 1.972092 1.978159 1.788073 2.159026 2.222723 1.841149 1.885199 2.172626 2.117441 2.035751 2.020648 2.016412 2.082341 2.268306 2.255265 2.369509 2.456206 2.422896 2.006943 1.687387 2.490704 1.825131 1.608627 1.7626
2.232027 1.855969 1.862977 1.884773 1.908695 1.957767 2.020346 2.088497 2.047151 1.899041 1.804821 1.752825 1.713891 1.763599 1.951542 2.206026 2.395571 2.42877 2.328072 1.861729 1.720335 2.237514 2.031629 1.710798 1.576054 2.24158 2.303893 2.14349 1.952004 1.934406 2.202429 2.333538 2.131442 2.0401 1.950454 1.741903 1.507642 1.435151 1.669592 1.896462 1.712313 1.682891 2.148276 2.091797 1.726838 1.900462 2.11254 2.119667 2.140432 2.148199 2.038746 2.021675 2.216451 2.198141 2.447551 2.47245 2.525842 2.282115 1.722349 2.145869 2.044449 1.691424 1.761566
