data/arenosa/slope_rad.asc
ncols         435
nrows         456
xllcorner     891236.30040912
yllcorner     1168994.6457458
cellsize      10
NODATA_value  -9999
[rows 308 to 335 of 456, columns 248 to 309 of 435]
0.3574994 0.6712226 0.831915 0.8240067 0.7584565 0.6592354 0.5895967 0.5599037 0.6357794 0.7552751 0.7460857 0.5403973 0.2899702 0.6136799 0.7387664 0.7264334 0.4970543 0.2873127 0.325939 0.4310347 0.1565865 0.4283249 0.3486277 0.2276066 0.2170797 0.2922357 0.446281 0.5274734 0.409401 0.2685163 0.4437878 0.5184421 0.4867117 0.4380332 0.2628356 0.3013828 0.3373253 0.3313884 0.2605576 0.2084377 0.2734051 0.2638767 0.2326207 0.1731915 0.1056565 0.1255001 0.2426262 0.3622302 0.3692577 0.3095805 0.2718996 0.2673436 0.245271 0.2175077 0.2167236 0.2481285 0.2736782 0.3047872 0.4310519 0.5473551 0.5569558 0.5801602
0.576936 0.7568128 0.8478159 0.7844374 0.5986775 0.4905449 0.4824114 0.5812636 0.7137449 0.7445511 0.6758533 0.3272525 0.5171638 0.6897256 0.6575342 0.5058206 0.3285298 0.2971292 0.3439334 0.4904886 0.2795257 0.3476605 0.453947 0.2632764 0.173985 0.1624812 0.3097695 0.3944328 0.4659617 0.3298116 0.2521682 0.508939 0.5475636 0.4912586 0.2870158 0.1420019 0.2838373 0.3612649 0.3158934 0.2092004 0.1979885 0.2714709 0.2510504 0.2214755 0.1514753 0.1939427 0.3406653 0.4487824 0.4107015 0.3282879 0.3016758 0.312453 0.293167 0.245728 0.2129747 0.2710297 0.2596442 0.2771777 0.4620647 0.5893137 0.6183145 0.6649712
0.6181484 0.7542482 0.7871349 0.6728084 0.5170119 0.5064507 0.5225986 0.673493 0.7603547 0.6930435 0.6037222 0.1778339 0.5788865 0.5780761 0.3987519 0.234629 0.2208096 0.2798321 0.3348775 0.5308343 0.5015929 0.1826086 0.513028 0.3615676 0.1392358 0.144862 0.2387977 0.252695 0.3138231 0.3921995 0.106216 0.4810579 0.5608127 0.4772294 0.3252582 0.2572955 0.3500638 0.3337748 0.3037585 0.3094839 0.2724347 0.2271455 0.2320881 0.2716387 0.2411763 0.3308066 0.490076 0.5262515 0.433292 0.3561147 0.3512479 0.3612487 0.3476343 0.3251648 0.2768157 0.317064 0.2838903 0.3181608 0.5341918 0.6360132 0.658776 0.7230078
0.6497234 0.7348374 0.7007341 0.586248 0.5043982 0.5183796 0.57049 0.7307396 0.7543113 0.687738 0.6264894 0.2390189 0.5435328 0.4048388 0.1997035 0.07234064 0.1960274 0.3058362 0.2968931 0.4705914 0.5857724 0.3896796 0.4730732 0.4079854 0.1384677 0.1543278 0.2364992 0.2771584 0.289441 0.4093633 0.2883867 0.3687286 0.529967 0.4608049 0.3717117 0.3462091 0.442849 0.4088505 0.3664436 0.3941935 0.3189296 0.2524411 0.2777236 0.2963466 0.335519 0.4371087 0.5053322 0.4690059 0.3934428 0.3906977 0.4119624 0.3916003 0.3475778 0.3168947 0.2677194 0.3043179 0.3230235 0.4070914 0.6090212 0.6745666 0.6889352 0.7138364
0.6943572 0.6894312 0.602917 0.4917001 0.4586157 0.4789991 0.5463316 0.706594 0.7339712 0.7031661 0.686057 0.1916407 0.4710573 0.3381414 0.1887236 0.2272367 0.3366459 0.4135954 0.3742804 0.4606221 0.5353066 0.4912944 0.4182511 0.3769642 0.1772521 0.156341 0.2370782 0.3133112 0.362517 0.4462145 0.4351586 0.2183217 0.3818901 0.4798069 0.4971629 0.4725268 0.5182721 0.5044866 0.3597625 0.2387452 0.2933016 0.2017301 0.3023274 0.4011446 0.4171911 0.473832 0.5002763 0.4180363 0.3798611 0.4102738 0.4235979 0.3746803 0.294864 0.2472865 0.2127129 0.2955623 0.3872304 0.4869364 0.6341099 0.6709886 0.7049018 0.7199571
0.7540046 0.7022228 0.5982869 0.5076765 0.4739683 0.4379485 0.468253 0.5872732 0.6443354 0.6687261 0.7198724 0.3386893 0.4371438 0.3862763 0.236367 0.360619 0.3738703 0.3267997 0.2965911 0.4510819 0.5418262 0.5623755 0.4819292 0.4138226 0.3063342 0.236391 0.1729126 0.2014233 0.3209587 0.4611332 0.5228652 0.4389027 0.2442814 0.2241529 0.466143 0.5616545 0.5920392 0.6012167 0.468634 0.1542629 0.1418377 0.2667568 0.3862064 0.4770065 0.4792797 0.4802706 0.5117508 0.4568235 0.4451758 0.4562334 0.4273157 0.3472121 0.2732865 0.2149612 0.2230092 0.3342595 0.4378191 0.5193771 0.6040915 0.6401603 0.6960735 0.6758573
0.7688482 0.7301365 0.6616361 0.5996081 0.5778721 0.5686814 0.5620171 0.5410252 0.5288896 0.5490612 0.6702681 0.4646007 0.4151307 0.4721498 0.2747884 0.3322855 0.3435726 0.2568856 0.1839399 0.3068532 0.4948491 0.6010498 0.6042761 0.511699 0.4420249 0.3907954 0.2319988 0.1217561 0.1717789 0.323258 0.5189319 0.5979996 0.5538771 0.4655651 0.2605684 0.4110405 0.5956112 0.6249739 0.5503759 0.3182563 0.174541 0.3273093 0.4251886 0.4863704 0.487615 0.4653376 0.5006869 0.5161477 0.4952518 0.4690219 0.3786987 0.2757971 0.3033599 0.2435951 0.2851834 0.3683963 0.4649774 0.5458149 0.5991363 0.6368833 0.6662664 0.6096707
0.7012104 0.673924 0.6738787 0.6938118 0.7062009 0.6812309 0.6401128 0.6271087 0.604538 0.5143074 0.4931155 0.4014222 0.296253 0.4904741 0.3039797 0.2835761 0.3052672 0.2586175 0.2596669 0.2922438 0.39257 0.4985714 0.5509887 0.5249916 0.4916014 0.4995579 0.4716838 0.3016582 0.1801872 0.1429734 0.2750588 0.4743571 0.5555684 0.5548264 0.4935296 0.1760099 0.4997249 0.5689951 0.5728189 0.4621789 0.3689789 0.362399 0.3656408 0.4516327 0.4871801 0.4101194 0.4598207 0.5296127 0.504149 0.4098911 0.2778973 0.2303214 0.3150194 0.318306 0.3716042 0.4622906 0.5531353 0.6019837 0.6102689 0.6142197 0.6216417 0.5791276
0.5773199 0.5419137 0.4981127 0.4163148 0.3832893 0.3358923 0.3322142 0.3853658 0.3318217 0.2532797 0.3038524 0.3296831 0.171834 0.498072 0.4154626 0.2741861 0.2831482 0.2205315 0.227783 0.2689938 0.2523526 0.3289569 0.4743665 0.5755601 0.551976 0.5383994 0.5396754 0.4624268 0.3809014 0.2677594 0.275847 0.2634766 0.384762 0.4355745 0.534469 0.4390948 0.3253141 0.5094151 0.5388482 0.5432857 0.5140916 0.3661585 0.269401 0.3912864 0.4523255 0.3795564 0.4322813 0.5078739 0.4943709 0.3609 0.2767486 0.2734914 0.3174916 0.3242005 0.3902868 0.4987602 0.5688057 0.5906325 0.5722009 0.558854 0.5699999 0.5627487
0.9864799 1.021602 1.033834 1.019094 0.9818888 0.912275 0.8283965 0.7753869 0.7042926 0.5982333 0.4984772 0.4029275 0.1975715 0.5320936 0.5164407 0.2784526 0.2645454 0.1652414 0.09151832 0.2830139 0.4083138 0.362817 0.3363638 0.4358331 0.4762762 0.5355243 0.540735 0.4664041 0.495694 0.5349477 0.4786012 0.3482364 0.307758 0.3811952 0.5279043 0.6307056 0.3659013 0.3482916 0.4904563 0.5728756 0.5786319 0.4163344 0.2757819 0.4067636 0.500088 0.4597892 0.4977267 0.5470086 0.5142037 0.3400048 0.2694594 0.2691315 0.2977363 0.3165 0.3901573 0.4819804 0.5176909 0.5342087 0.5307358 0.527162 0.5282037 0.5372003
0.9165846 0.9447658 0.9815671 1.000022 0.9897411 0.9650911 0.9131826 0.812959 0.6733738 0.5869089 0.5604301 0.4807316 0.232534 0.5451229 0.5580009 0.248366 0.2068162 0.1207249 0.06630351 0.1474208 0.3951513 0.4673959 0.3939526 0.1980117 0.214471 0.406505 0.5265437 0.491742 0.5060384 0.568095 0.5916778 0.5280619 0.4306446 0.422166 0.4882214 0.6449981 0.5966088 0.2757427 0.3447386 0.5892183 0.6089903 0.4511618 0.3274415 0.424998 0.5290827 0.544935 0.5603445 0.5949718 0.5134665 0.3251494 0.2583035 0.2253729 0.2356413 0.3025988 0.4105143 0.4978401 0.5125542 0.5140935 0.502146 0.4957392 0.516093 0.5415294
0.6775583 0.6736734 0.6932708 0.7311352 0.7303892 0.7377578 0.767647 0.758154 0.5800921 0.4776249 0.5607678 0.4996613 0.2196775 0.5147375 0.558987 0.1524063 0.08297847 0.03199285 0.02903125 0.1419429 0.3415786 0.3699949 0.4344725 0.428929 0.2117784 0.123679 0.3607526 0.4390747 0.4731823 0.5050295 0.544251 0.5816498 0.5406395 0.4609435 0.443552 0.5636255 0.6617237 0.516133 0.2740593 0.5044321 0.6026729 0.5066228 0.448451 0.4932783 0.5400041 0.5635518 0.5760705 0.631274 0.4844425 0.3154913 0.3299637 0.3069993 0.2794888 0.3270088 0.4219092 0.4920847 0.4727515 0.4698293 0.4863211 0.5072813 0.5484836 0.5651365
0.5913212 0.5723687 0.6020216 0.6514605 0.6180118 0.6444905 0.7260416 0.7535924 0.5896345 0.4385833 0.5707789 0.4692478 0.2507283 0.3574345 0.5137444 0.2074772 0.01830429 0.04608306 0.0453531 0.204213 0.2826203 0.2149202 0.2633969 0.4278457 0.4193511 0.2232624 0.1346117 0.3545415 0.479526 0.4849832 0.4718114 0.5134745 0.5534996 0.478405 0.3917013 0.4554366 0.6707578 0.7035121 0.4827686 0.337606 0.5412266 0.5334166 0.5480813 0.5722923 0.5628658 0.552902 0.5339489 0.6604747 0.53517 0.2991405 0.3620875 0.4407084 0.4596167 0.4273118 0.4442293 0.4679148 0.4297946 0.4375077 0.469748 0.4923371 0.5198044 0.5092805
0.4855463 0.4989127 0.5952511 0.6403655 0.6063944 0.6369684 0.7256871 0.712818 0.5906687 0.4887527 0.4916792 0.3658355 0.3136692 0.112919 0.4152297 0.3491729 0.07846167 0.1029826 0.1341829 0.2825693 0.2040245 0.1154515 0.1806113 0.2981363 0.3608006 0.3556464 0.3934407 0.5495505 0.6367067 0.6359148 0.5619951 0.4723038 0.4854963 0.5025248 0.440685 0.4349114 0.6030454 0.7857724 0.7521775 0.4851794 0.374135 0.5482787 0.6157651 0.6404921 0.5929311 0.524164 0.462432 0.6491209 0.5869138 0.2609306 0.3047857 0.3938484 0.4322314 0.417094 0.4341997 0.4398707 0.4211604 0.4233304 0.4283239 0.4465604 0.4903001 0.4821839
0.6074322 0.6424899 0.6738513 0.6729069 0.6192607 0.6212341 0.7045603 0.7109011 0.6348585 0.4916781 0.2867603 0.3711917 0.4502314 0.2893491 0.2679813 0.3732474 0.2500882 0.2375088 0.3142908 0.335328 0.1648249 0.06965223 0.3091694 0.3787448 0.3647333 0.4800162 0.6615159 0.700838 0.6754925 0.658305 0.6337891 0.5704212 0.4954464 0.5084646 0.5221189 0.4448627 0.4422739 0.6223597 0.7588292 0.6887755 0.2853773 0.5994058 0.6941413 0.6833032 0.6062177 0.5053734 0.4364797 0.6119317 0.616484 0.312419 0.2791711 0.2846562 0.2949374 0.3616652 0.424268 0.4403074 0.4384679 0.4168788 0.3991072 0.3985767 0.4398565 0.4739678
0.7038635 0.7194808 0.7340018 0.7227924 0.6231438 0.5631293 0.6481521 0.7112954 0.6325407 0.3590555 0.289041 0.3790238 0.4898267 0.4295416 0.3576047 0.2373938 0.3217642 0.2548388 0.3329588 0.4197798 0.4125944 0.45438 0.5646003 0.5474233 0.4420816 0.4822695 0.6779721 0.6109861 0.3388477 0.270943 0.363338 0.4865791 0.5088107 0.5147511 0.534559 0.4935106 0.3958169 0.3588818 0.5339606 0.6878687 0.3768077 0.6590124 0.7848011 0.7254446 0.6036263 0.469853 0.4506135 0.571664 0.5896388 0.3860213 0.3036001 0.2812486 0.3212692 0.4032584 0.4340408 0.4419851 0.4433542 0.4261942 0.397234 0.3573847 0.3656158 0.4504192
0.6898893 0.6847616 0.6880041 0.6624094 0.5333551 0.4857428 0.6543923 0.6937789 0.4947003 0.2455868 0.3221513 0.2591404 0.3879104 0.3464855 0.4635375 0.3794616 0.147241 0.3637607 0.3906531 0.3671998 0.3911923 0.4734214 0.578711 0.5697052 0.4489712 0.3255459 0.5502172 0.5760812 0.4342786 0.27931 0.1041085 0.08697587 0.2353855 0.3390047 0.4220571 0.5059799 0.5084484 0.4191636 0.460155 0.6475754 0.366312 0.7123257 0.8478209 0.6819921 0.5122597 0.3979026 0.4604764 0.5184375 0.5159824 0.4358991 0.3729627 0.3195791 0.3902181 0.4386359 0.440223 0.4665419 0.4878933 0.4861884 0.4805204 0.4884446 0.5093482 0.5208949
0.6714233 0.6540566 0.6717602 0.6228449 0.4497424 0.5102457 0.6895185 0.5199178 0.2522444 0.3398764 0.3143762 0.2572207 0.3476824 0.2135538 0.4169109 0.4951746 0.4206088 0.1838041 0.4330098 0.4974928 0.3318623 0.2981276 0.4120055 0.3475124 0.1250549 0.1346815 0.3823273 0.3861073 0.3979072 0.4041316 0.344378 0.2651183 0.1759462 0.1813996 0.3152973 0.4508301 0.5077661 0.5418497 0.5534299 0.6561195 0.3504446 0.7804086 0.8198447 0.5629174 0.4464652 0.4143074 0.4882701 0.4845738 0.4705295 0.4737065 0.4362645 0.3545936 0.3599667 0.3947577 0.4080039 0.4429244 0.4860874 0.5176269 0.5563923 0.5977048 0.6038125 0.5414493
0.6613933 0.676519 0.6639982 0.5822148 0.4972885 0.5665745 0.5053511 0.1987985 0.299954 0.2886695 0.224052 0.3008049 0.3509395 0.2411462 0.4348877 0.4043148 0.5701135 0.5604111 0.361715 0.3167599 0.4780711 0.4593481 0.3429954 0.2023402 0.08394746 0.2714227 0.4263916 0.3520078 0.2850939 0.1817693 0.08644956 0.1791715 0.2890228 0.3192296 0.3239528 0.3529335 0.3611487 0.5170084 0.6035854 0.6922082 0.3700482 0.8143832 0.7215856 0.5305678 0.4968424 0.4979367 0.5111266 0.4835878 0.4717945 0.4717582 0.4132058 0.3352225 0.2990437 0.3075212 0.3239279 0.3708808 0.4640894 0.5353022 0.5795046 0.5737569 0.5395356 0.4968917
0.6498593 0.6755812 0.641802 0.5109145 0.3967165 0.2917179 0.2296028 0.2926027 0.2486696 0.1993573 0.1807084 0.2986216 0.3381966 0.2724251 0.4923822 0.2996825 0.4131285 0.5533156 0.6261568 0.5057576 0.2143638 0.5488178 0.4685563 0.2808805 0.3650666 0.4819973 0.4588219 0.3614634 0.3464653 0.2943095 0.2415625 0.2329105 0.3538327 0.4274189 0.401379 0.311126 0.3320853 0.5288199 0.6331057 0.7030822 0.4680859 0.7715129 0.6149733 0.4933189 0.4777792 0.4855954 0.5003729 0.4801382 0.4141519 0.3531379 0.3208691 0.3100175 0.303564 0.2931772 0.2670376 0.3768446 0.549853 0.6196294 0.6227424 0.5917111 0.5704066 0.5599697
0.6465179 0.6142852 0.5211598 0.4059088 0.4258941 0.5182552 0.53298 0.4658411 0.404593 0.3694788 0.3341275 0.3414133 0.331001 0.2714122 0.5251665 0.2833184 0.2512387 0.3049105 0.3811624 0.4692228 0.3613209 0.4169247 0.5759919 0.3663289 0.3649589 0.3812889 0.3190683 0.2890367 0.257463 0.1916026 0.2292082 0.3005694 0.4511255 0.5078047 0.4134435 0.3352405 0.3468817 0.5578361 0.6796417 0.7064862 0.6000041 0.688329 0.5587903 0.3880501 0.4125225 0.5210347 0.5707848 0.4880376 0.3090425 0.2096855 0.2606368 0.3074448 0.3126837 0.3202033 0.3388288 0.4448879 0.5655373 0.576359 0.5243036 0.4839974 0.4922192 0.511176
0.5449153 0.3441591 0.4470399 0.665355 0.6438397 0.5401521 0.4847859 0.4526213 0.4214441 0.4279673 0.4458087 0.4443927 0.4000831 0.2703457 0.5422045 0.3060339 0.2712193 0.2768082 0.2590269 0.3470205 0.4535781 0.2390864 0.5877987 0.466746 0.4290796 0.3951595 0.3524697 0.3380735 0.3382211 0.3256815 0.3164425 0.3345212 0.4473702 0.4388317 0.3072575 0.3217763 0.2836387 0.4794877 0.6770243 0.6737509 0.5182737 0.5001493 0.4202931 0.2541631 0.4255596 0.5848442 0.5219133 0.3650663 0.231267 0.1905835 0.26509 0.3235873 0.3259477 0.3621127 0.4206845 0.4870519 0.5390098 0.554478 0.5247494 0.4397419 0.3920369 0.4483837
0.476841 0.4485739 0.6643513 0.6757799 0.5928105 0.3840714 0.2533849 0.2206127 0.2244379 0.301429 0.4080401 0.4581133 0.4425457 0.2618764 0.5749604 0.3603142 0.2822924 0.2414681 0.2136833 0.2753762 0.4910744 0.1851419 0.6125806 0.5879227 0.4807206 0.4172549 0.4207606 0.3703025 0.3544629 0.3733217 0.3663422 0.31828 0.3108489 0.3264169 0.2759697 0.3623187 0.3485383 0.4094927 0.6070818 0.6498138 0.4614637 0.358202 0.37172 0.3124025 0.404877 0.5014452 0.474322 0.4365632 0.3958182 0.3077404 0.281834 0.3220915 0.3447507 0.4173991 0.4920741 0.5300196 0.5320994 0.5195168 0.522852 0.5159074 0.4839531 0.4633208
0.3308625 0.5996187 0.5288454 0.5149906 0.5662005 0.416505 0.2580914 0.1636494 0.1387933 0.2033755 0.358723 0.4639317 0.4434057 0.2843229 0.6084675 0.3916033 0.292919 0.2337714 0.1761182 0.1715986 0.463962 0.2143133 0.5812659 0.6523926 0.4617393 0.3444972 0.4067185 0.3521003 0.323659 0.323898 0.3334085 0.2942716 0.2239245 0.2936271 0.3611322 0.4354479 0.4036844 0.3200029 0.4702816 0.5792709 0.5110598 0.4336933 0.505757 0.5146624 0.4741724 0.3808062 0.2727507 0.2330452 0.2782127 0.3090906 0.3223433 0.3553686 0.4101466 0.4777812 0.5482226 0.572417 0.5479692 0.5281388 0.5322376 0.5458763 0.5458224 0.5083893
0.55413 0.6376276 0.431063 0.5193556 0.5769501 0.4532466 0.27236 0.1489259 0.1375899 0.1743744 0.334519 0.4751368 0.3701569 0.3623897 0.6120378 0.4104383 0.2884608 0.2466491 0.2329238 0.2118861 0.4317633 0.3372649 0.4462581 0.6969411 0.5238259 0.33066 0.4051113 0.3613963 0.3034072 0.2571972 0.245398 0.2499027 0.2481876 0.3287036 0.3972941 0.4040722 0.3585979 0.168363 0.3874267 0.4567177 0.4434074 0.4373327 0.4592704 0.4366991 0.464738 0.5250546 0.4872485 0.4342411 0.4387857 0.3859696 0.3560852 0.3853084 0.4331758 0.5193437 0.5852873 0.5753038 0.5413327 0.5317013 0.5373117 0.5527186 0.5615456 0.5238438
0.6855868 0.5185839 0.4526846 0.5557061 0.5559918 0.4766194 0.2915725 0.1656725 0.1963203 0.2519221 0.4070785 0.5073635 0.2365899 0.4523303 0.5948586 0.4313809 0.2813602 0.2440067 0.2661555 0.296209 0.4508061 0.4835603 0.2222739 0.6470531 0.5872623 0.4408583 0.4386126 0.4096498 0.3375034 0.2301856 0.1842257 0.2636462 0.3748364 0.406832 0.3850374 0.2945278 0.3181182 0.2035793 0.2964752 0.4247702 0.3953724 0.4311127 0.4607667 0.4471171 0.4163018 0.3969434 0.4301164 0.5178177 0.5530409 0.5040104 0.4108698 0.4034868 0.4232582 0.5057043 0.5834675 0.5551348 0.5263414 0.5199485 0.5305002 0.539279 0.5351787 0.4979144
0.5607767 0.3845751 0.5681741 0.5681807 0.5045905 0.5036739 0.3153949 0.1870482 0.2198245 0.2840421 0.4971532 0.5518207 0.2111866 0.541114 0.5683877 0.4034342 0.2243762 0.2036065 0.2593108 0.3251772 0.4602018 0.58088 0.2493999 0.5437391 0.6561562 0.5590829 0.4930729 0.4449856 0.3389049 0.2020419 0.1996546 0.3490196 0.4187407 0.3970487 0.3734745 0.3238839 0.2833057 0.2598051 0.2058654 0.4593348 0.5361623 0.5195491 0.4950805 0.4817572 0.4530759 0.4283254 0.4250337 0.4849422 0.5444576 0.5193205 0.4264104 0.4212677 0.5378698 0.4933615 0.5115855 0.5245117 0.5214538 0.5371768 0.5462267 0.5396527 0.5282127 0.5011134
0.4565787 0.4825341 0.5875876 0.5364926 0.5238588 0.5256094 0.3013383 0.1845782 0.1662385 0.2087703 0.4870948 0.5559645 0.267641 0.5706555 0.5318111 0.3709064 0.2116812 0.1841805 0.2345816 0.2794 0.3908305 0.5875069 0.4882167 0.4115235 0.7607438 0.6377636 0.503044 0.4150577 0.2589277 0.1765543 0.2338049 0.3264893 0.2916641 0.2968117 0.3602264 0.3521245 0.2928117 0.2544393 0.269484 0.3497253 0.4964972 0.5421311 0.5110751 0.4783363 0.4414638 0.4191251 0.4371785 0.5460958 0.6059783 0.5845847 0.5302269 0.3476618 0.5947009 0.5845368 0.5689129 0.4799652 0.4448793 0.4916409 0.5469173 0.6079146 0.6019917 0.5515987
