data/arenosa/slope_rad.asc
ncols         435
nrows         456
xllcorner     891236.30040912
yllcorner     1168994.6457458
cellsize      10
NODATA_value  -9999
[rows 196 to 223 of 456, columns 186 to 247 of 435]
0.4804699 0.4168379 0.3157734 0.2552403 0.3589557 0.3757741 0.3111562 0.3045533 0.2944556 0.3882225 0.5365244 0.6562477 0.6928207 0.6200191 0.5592363 0.5427998 0.4998097 0.4737523 0.4806973 0.5115694 0.7730666 0.6671412 0.6003791 0.7113808 0.6394051 0.5731739 0.6395628 0.6916292 0.6147942 0.6226335 0.5663242 0.469168 0.4155078 0.4805165 0.5691586 0.620095 0.6284736 0.5832551 0.4843028 0.3196768 0.1831413 0.5002332 0.7156018 0.7423462 0.7535918 0.8201836 0.8194662 0.7455102 0.6215432 0.4416063 0.2216653 0.4937709 0.6730217 0.7162435 0.7605903 0.7500411 0.6023918 0.5609138 0.5830066 0.5934647 0.556836 0.4887621
0.1606272 0.3058044 0.2845557 0.3679759 0.3698111 0.2522144 0.228996 0.3011864 0.3354071 0.3769999 0.4590623 0.5642354 0.5987416 0.577999 0.5606749 0.5624312 0.5254077 0.488019 0.4959738 0.5400598 0.7944952 0.5812305 0.76055 0.7124339 0.5637613 0.4996266 0.6130883 0.6369435 0.602097 0.5800875 0.5490178 0.5319234 0.4873205 0.4661135 0.5006047 0.5427758 0.4999363 0.3441698 0.1508189 0.1845733 0.6516232 0.8724174 0.9064653 0.8470439 0.7312997 0.5615488 0.2696373 0.05755349 0.2672481 0.5171389 0.7073376 0.756944 0.7099748 0.6445544 0.6342675 0.6693096 0.5980364 0.4255664 0.329762 0.3523875 0.375693 0.4113411
0.2130498 0.3968648 0.3935474 0.4045475 0.2735619 0.1703556 0.2251774 0.2859285 0.3359932 0.387726 0.4694457 0.5647123 0.6063546 0.6400844 0.6203893 0.5611659 0.508523 0.486356 0.4914865 0.5853877 0.747826 0.4987355 0.7789029 0.6129116 0.4765903 0.4575964 0.5522325 0.5776978 0.5751771 0.5704538 0.5827233 0.6160758 0.597676 0.4597025 0.3106937 0.2313133 0.2411317 0.2076475 0.3394212 0.689864 0.9140254 0.9310723 0.7418147 0.2806155 0.401342 0.6773449 0.7638731 0.7429798 0.6937723 0.6536548 0.6639464 0.7042817 0.7103294 0.6544902 0.617193 0.6401173 0.5638753 0.326646 0.2200856 0.2503797 0.3708152 0.5039465
0.3491852 0.5395425 0.4860767 0.3490523 0.2316722 0.2467599 0.283603 0.304829 0.3759117 0.4929531 0.5995989 0.6391924 0.591803 0.5816725 0.5836785 0.5290133 0.4836856 0.4732502 0.5008991 0.6509067 0.5844783 0.5730762 0.7393612 0.5297958 0.4523767 0.473429 0.4933802 0.5380394 0.5647573 0.5701069 0.5713676 0.6099231 0.6546355 0.5456979 0.3780482 0.3468484 0.3645784 0.4554563 0.6585544 0.8230257 0.8853534 0.6315962 0.2358225 0.7442334 0.8754379 0.8903826 0.8255897 0.7152328 0.6156827 0.5491277 0.5972583 0.662481 0.6696568 0.6776431 0.67434 0.6558471 0.555468 0.3378619 0.1716018 0.1205997 0.4358356 0.6501142
0.4940114 0.669425 0.5567139 0.3454747 0.2058789 0.227223 0.2418322 0.3441541 0.516842 0.6206667 0.6765742 0.640415 0.5536753 0.5549432 0.5697789 0.5218802 0.477219 0.4683678 0.6003815 0.6552153 0.4447825 0.7805363 0.7059208 0.5014438 0.4953111 0.5019576 0.4951878 0.5831333 0.6247559 0.5656359 0.460889 0.5266783 0.6284594 0.5717302 0.506134 0.4818976 0.4880132 0.5872422 0.7180373 0.7849235 0.7427744 0.102107 0.8015147 0.798869 0.7769352 0.7707253 0.7630854 0.7401724 0.6759609 0.6057158 0.6251398 0.653675 0.6249571 0.6393077 0.6480713 0.639263 0.5797262 0.4555062 0.3355285 0.1951607 0.5843619 0.7483524
0.612408 0.7409417 0.6687576 0.4381272 0.1595655 0.1944247 0.304869 0.5400773 0.6610407 0.6865488 0.6674926 0.581347 0.5143714 0.5460474 0.5795999 0.5437206 0.4993776 0.5215589 0.659458 0.5666081 0.7397184 0.8254983 0.635318 0.5208949 0.5603839 0.5485066 0.5204717 0.5849487 0.6035855 0.5676466 0.4771919 0.66395 0.7241293 0.6233465 0.5812028 0.5522978 0.5492653 0.6177137 0.6868125 0.6976916 0.4015328 0.6337312 0.866648 0.7589712 0.7435142 0.7060993 0.7088296 0.6904626 0.6254251 0.5481004 0.5317109 0.5756515 0.5620105 0.5759167 0.6057469 0.6083969 0.5728658 0.5180845 0.5189989 0.4666034 0.7181953 0.7380183
0.6089774 0.7086709 0.7087111 0.5589582 0.366312 0.4764638 0.63966 0.7281293 0.7108027 0.6969219 0.6444162 0.5521494 0.5127961 0.5561537 0.6034095 0.5872276 0.5360215 0.5869251 0.6304204 0.6299674 0.8269702 0.6983498 0.5480571 0.5421873 0.6025488 0.609502 0.5411514 0.461097 0.4942615 0.60291 0.6372099 0.7739812 0.7423711 0.6097339 0.5754998 0.5564256 0.5636204 0.5984437 0.6225929 0.5799497 0.1685871 0.7933728 0.8337403 0.7726232 0.6779428 0.5854777 0.610723 0.6373258 0.5822452 0.4585297 0.349404 0.4907423 0.5207358 0.4830778 0.552503 0.6012574 0.5390832 0.4044146 0.5676041 0.7203456 0.7399312 0.6625456
0.6210871 0.6734012 0.6513955 0.549747 0.4229771 0.6068056 0.7103346 0.7361335 0.7386262 0.7155327 0.6208096 0.5405307 0.5256428 0.5754809 0.6321748 0.6269256 0.5732945 0.6305333 0.5700554 0.751739 0.761286 0.6148407 0.5542015 0.5637643 0.6181397 0.6314242 0.5384372 0.3766679 0.5791671 0.6656685 0.7185699 0.7961617 0.6705925 0.572512 0.5618076 0.5379325 0.5431619 0.5301034 0.5697842 0.4635949 0.4052274 0.8102611 0.7945687 0.7605856 0.593537 0.4213324 0.4955693 0.5840007 0.5678536 0.4385729 0.2617503 0.4855025 0.5525587 0.5261332 0.6215332 0.629259 0.4962718 0.4402069 0.6959008 0.7889403 0.7001442 0.659764
0.6707245 0.6775986 0.5849991 0.4769324 0.4373399 0.6025647 0.6155525 0.6602985 0.6989177 0.6352364 0.5346518 0.4979847 0.5183631 0.5859373 0.6485429 0.6536312 0.5898463 0.6148254 0.7459789 0.8520588 0.703539 0.5909843 0.5589173 0.5528037 0.5755336 0.5622841 0.5003561 0.5545928 0.7330965 0.6532878 0.6995275 0.758891 0.5895658 0.5678918 0.6020001 0.5814108 0.5711502 0.5290892 0.5589585 0.3173735 0.5029303 0.812318 0.8354852 0.7526053 0.5550136 0.2919112 0.354525 0.457228 0.5382481 0.4527374 0.2865726 0.5307964 0.6237258 0.6381665 0.6577063 0.5549372 0.4575647 0.5697411 0.7895056 0.8007278 0.6847789 0.6904438
0.7195959 0.7183729 0.6456734 0.5181356 0.5714285 0.6371474 0.624099 0.6286991 0.5850925 0.4626641 0.4546382 0.4706618 0.4840605 0.559034 0.6415796 0.6535603 0.5737847 0.6660485 0.844616 0.7680664 0.5955778 0.5375904 0.5151083 0.485117 0.4835866 0.4354272 0.4631298 0.72215 0.7828435 0.5843607 0.6280287 0.6937574 0.5938788 0.5780557 0.5761702 0.5855869 0.6184874 0.6015126 0.5612755 0.139819 0.5511785 0.7890071 0.8613243 0.7492706 0.5082498 0.2420951 0.3092333 0.4177429 0.550514 0.5052149 0.4514377 0.5799322 0.6585771 0.6612248 0.5761304 0.2956127 0.4312507 0.6382203 0.844732 0.7889334 0.6546043 0.701513
0.7143581 0.7615252 0.7147819 0.5757096 0.5904956 0.6127196 0.6175112 0.5764498 0.5086634 0.414975 0.4199699 0.4885359 0.4887729 0.5286684 0.6401322 0.6400689 0.5542122 0.7165965 0.6879908 0.5576159 0.5338345 0.492768 0.4069658 0.4014691 0.4955586 0.5443813 0.608421 0.7607216 0.7075764 0.4892785 0.5603212 0.6272236 0.6267046 0.6230647 0.5828452 0.6085985 0.6670672 0.681219 0.5858878 0.0985267 0.5803881 0.7499113 0.8431734 0.7497489 0.4776353 0.2344588 0.2804875 0.424732 0.5283493 0.5145667 0.5274932 0.6046857 0.6673033 0.6308011 0.4928869 0.2100203 0.5132086 0.6670735 0.8546439 0.7179511 0.6118662 0.7270889
0.5750158 0.7616217 0.7081157 0.581657 0.5929635 0.5892785 0.577035 0.5236114 0.4570756 0.3265656 0.2117194 0.3624632 0.4161163 0.4684158 0.6273453 0.7321695 0.6799197 0.6181462 0.4654689 0.4372164 0.4607125 0.4181208 0.3606496 0.4439397 0.5574369 0.6270193 0.6765649 0.7202615 0.6030379 0.4510469 0.5086351 0.518755 0.5826401 0.6523854 0.6450419 0.6573442 0.7015001 0.7275941 0.6121168 0.09510063 0.5665487 0.7183302 0.8051305 0.7572643 0.5415599 0.3277979 0.2702129 0.4492612 0.55201 0.5252526 0.5427071 0.6221189 0.6205115 0.5637502 0.3782978 0.3394071 0.5818143 0.6592335 0.8098062 0.621995 0.5467699 0.7544397
0.4432558 0.7748505 0.7922914 0.6839533 0.6697732 0.6751723 0.6302514 0.5210832 0.2917891 0.05830815 0.3082232 0.4183299 0.368737 0.209448 0.3375619 0.5617146 0.5365499 0.3812286 0.289886 0.2751957 0.3086812 0.409372 0.4770797 0.5515727 0.6021155 0.7232485 0.7916096 0.7311167 0.5925812 0.5165136 0.4991879 0.3715749 0.3839465 0.5381463 0.6272084 0.6725211 0.7138083 0.7407006 0.6030421 0.1253694 0.5099527 0.675964 0.7516899 0.7460583 0.6380488 0.4818155 0.2546918 0.3299649 0.5134411 0.5184606 0.5258191 0.5514622 0.4820522 0.4755398 0.08045758 0.5366755 0.5757427 0.639874 0.7328278 0.4933381 0.3983217 0.7019486
0.4707241 0.7147853 0.8408185 0.8286452 0.7900331 0.7048984 0.5067662 0.1977287 0.212053 0.4235821 0.5024458 0.5210279 0.4174389 0.304216 0.2498711 0.1787942 0.1936686 0.08300217 0.06442483 0.1278461 0.2878823 0.4627348 0.5704906 0.6263283 0.7018119 0.835334 0.8033891 0.6422803 0.5473099 0.5364603 0.530081 0.4213739 0.3809605 0.4786391 0.5866927 0.6543201 0.7226971 0.7398596 0.5639439 0.1833492 0.5144613 0.6051006 0.6638248 0.6858536 0.6531677 0.5881987 0.4388286 0.1847128 0.3148667 0.4518656 0.5772467 0.5374051 0.4682287 0.3601335 0.2898256 0.578751 0.5029783 0.6324441 0.6214705 0.3586719 0.3135875 0.5263993
0.4782222 0.5450572 0.7156049 0.7485315 0.6194233 0.3350503 0.2126872 0.3923492 0.5409159 0.5832029 0.5929649 0.6050992 0.583921 0.5616592 0.5141715 0.4103988 0.2692591 0.1732996 0.1666409 0.2579475 0.3806605 0.5056762 0.6246503 0.7069743 0.8068046 0.8358296 0.6750457 0.5459789 0.5473488 0.5561438 0.5448961 0.4557423 0.4730774 0.5422804 0.5575634 0.5962499 0.6960093 0.710032 0.5241908 0.1923447 0.5216932 0.5383016 0.5875874 0.5880412 0.5730628 0.5773019 0.5750036 0.3483089 0.1502979 0.4045859 0.5545767 0.5173309 0.4400846 0.2764062 0.4525397 0.5883985 0.5709285 0.6127018 0.4615131 0.2715084 0.2684704 0.3343699
0.4517433 0.2834163 0.3816342 0.4178881 0.4611743 0.4827884 0.5056439 0.6170031 0.6440135 0.6514539 0.6769583 0.6874364 0.7085015 0.7211273 0.6963446 0.6650975 0.6114753 0.533406 0.4750622 0.448746 0.4549893 0.5801642 0.7100832 0.7774991 0.8271846 0.7534067 0.5989498 0.6041421 0.6345123 0.60527 0.5394137 0.4530631 0.4998371 0.5757321 0.5847822 0.5924682 0.6187341 0.6239758 0.4763459 0.1756927 0.4870936 0.5139839 0.5663911 0.5216323 0.4796492 0.5000808 0.5680983 0.4957068 0.2879446 0.4133561 0.4430562 0.3314737 0.2691505 0.2354725 0.4774136 0.6724326 0.6562933 0.5043114 0.423826 0.3759637 0.3016395 0.2394437
0.434238 0.1570092 0.2138298 0.3778121 0.683267 0.7113478 0.6768298 0.7216038 0.6862118 0.6430457 0.6422053 0.6366466 0.6425311 0.7110527 0.7927957 0.8167213 0.7849725 0.7336534 0.6555001 0.5480539 0.5073817 0.6372977 0.7301833 0.754195 0.7656551 0.6925504 0.6767696 0.7324927 0.6965441 0.6028551 0.5218444 0.4824763 0.5344501 0.5875703 0.591859 0.5518538 0.4837759 0.43737 0.4172047 0.2225106 0.4186808 0.5245398 0.5785522 0.496594 0.4329014 0.4494623 0.5387153 0.601899 0.4757322 0.4511982 0.4245443 0.2549906 0.2381801 0.1920919 0.4875337 0.741533 0.6020051 0.4173912 0.5063156 0.50153 0.4032882 0.2559213
0.4134673 0.01285524 0.2719686 0.6063765 0.8585232 0.7958044 0.678098 0.6482766 0.5950093 0.5631739 0.5742713 0.5892394 0.5930925 0.6383176 0.7131783 0.7829289 0.8145515 0.7982079 0.7329821 0.6325303 0.5752975 0.5913292 0.6348561 0.6934863 0.7215147 0.705001 0.7541444 0.7587344 0.6535555 0.5621285 0.573231 0.5859185 0.5415826 0.4575486 0.3258403 0.2334734 0.3297043 0.4690802 0.5614856 0.3836264 0.3488474 0.5029795 0.5418608 0.4815274 0.4374286 0.4713321 0.5990977 0.7100443 0.5819964 0.4652874 0.3832144 0.1981235 0.2159993 0.2023359 0.5260887 0.7208444 0.5508186 0.4682131 0.4563413 0.4650958 0.3623293 0.204419
0.2653403 0.2193242 0.4639215 0.7892526 0.8655453 0.649894 0.5458361 0.5151796 0.4753571 0.4761703 0.5012751 0.5115708 0.4643491 0.4133903 0.4311176 0.5733026 0.7266898 0.8194263 0.853587 0.8001569 0.6935946 0.5787624 0.565152 0.7039031 0.7276625 0.7200849 0.7654088 0.7255884 0.6229023 0.5725764 0.5179126 0.2994435 0.1809616 0.3266493 0.4634593 0.5990157 0.6886359 0.6863244 0.6617571 0.550477 0.2997001 0.5291885 0.503179 0.4271417 0.4604829 0.5660104 0.6639724 0.7518495 0.6149243 0.44131 0.3430956 0.2420654 0.2675182 0.2969543 0.5176878 0.6707701 0.609208 0.5007311 0.4275853 0.4571757 0.4068877 0.2840781
0.07074071 0.3197072 0.5304134 0.7848884 0.7405093 0.5302022 0.5224677 0.4864928 0.4657725 0.4663951 0.4319199 0.305062 0.3516276 0.5242011 0.5033378 0.3435614 0.3723794 0.6115309 0.7810565 0.8165984 0.7175071 0.6053192 0.5774661 0.6634945 0.7031726 0.7476656 0.7937365 0.7498363 0.6661451 0.4564164 0.1374601 0.4627454 0.6201894 0.6910721 0.7459781 0.7735137 0.749899 0.7045122 0.6768801 0.6286218 0.2892319 0.5716845 0.5530942 0.5229971 0.6327344 0.7340279 0.7061117 0.7185183 0.637682 0.4312809 0.3601669 0.3403756 0.3592834 0.3704701 0.4762289 0.5837032 0.5793687 0.5063935 0.4561591 0.487616 0.4988189 0.3575773
0.2732342 0.424882 0.5738409 0.7145538 0.6403601 0.5280708 0.4823756 0.4980675 0.4972627 0.3662163 0.3571616 0.515601 0.6439024 0.6782359 0.7083016 0.6512251 0.5012742 0.3805673 0.4936845 0.7128085 0.7523125 0.6927189 0.5862592 0.5557044 0.7207807 0.8511457 0.8457292 0.7351981 0.4980254 0.200357 0.5208288 0.6176248 0.6362949 0.6975818 0.7308076 0.6974797 0.6601226 0.7231956 0.7341668 0.6629947 0.2637544 0.5824531 0.6200225 0.6184485 0.7110334 0.7495883 0.6556305 0.5756738 0.6188244 0.4829564 0.351003 0.3137081 0.3600527 0.41171 0.4427269 0.4713117 0.5097942 0.5247675 0.4575182 0.5145796 0.557354 0.4350319
0.4160865 0.5103816 0.6197491 0.6567125 0.5544345 0.4560287 0.4603996 0.5797074 0.4667301 0.4790039 0.6645412 0.7346863 0.633399 0.5661485 0.6336893 0.6345952 0.601987 0.550687 0.3693118 0.4784881 0.689947 0.7415333 0.7306273 0.7359525 0.8331452 0.9112816 0.8032198 0.4704904 0.2461511 0.5503789 0.6732614 0.6671201 0.6375965 0.6262699 0.5675654 0.4643299 0.4029961 0.6252079 0.7639676 0.7374315 0.3126371 0.5928795 0.608499 0.5496553 0.5788153 0.6387606 0.4986319 0.3471559 0.590228 0.550271 0.2925949 0.3069988 0.3879569 0.4764039 0.4732321 0.4506463 0.5110289 0.5530956 0.5181725 0.5667825 0.5641069 0.4995152
0.5127376 0.5537593 0.6350634 0.6285245 0.4667566 0.3480127 0.4823425 0.5637842 0.4408361 0.6193974 0.6135921 0.6121934 0.6374923 0.774112 0.6457157 0.5936683 0.5855532 0.5682139 0.5534279 0.4137914 0.509315 0.651173 0.7228822 0.769671 0.8326886 0.8290966 0.5170292 0.2611248 0.6120629 0.8119525 0.8200543 0.6858056 0.5741082 0.5453696 0.4922649 0.4651871 0.3862273 0.5375976 0.715081 0.8238786 0.4494401 0.5850444 0.5113254 0.4124052 0.5483102 0.7025369 0.5519744 0.3598725 0.5869732 0.5683664 0.3550619 0.3475306 0.3282784 0.4585481 0.5114706 0.4903081 0.5465231 0.5967253 0.586179 0.5921048 0.5089194 0.4460496
0.6072318 0.5622281 0.624965 0.6588647 0.4495558 0.3259367 0.548184 0.3084551 0.4587784 0.4427024 0.3719555 0.284051 0.6394873 0.8532076 0.6696455 0.6220371 0.5739146 0.5398346 0.6167048 0.5481801 0.412504 0.5187801 0.6213198 0.6493312 0.5746838 0.3670565 0.5164259 0.6954929 0.8366655 0.8754467 0.7433376 0.5956393 0.5068378 0.4997536 0.5002978 0.5288677 0.4739072 0.4630275 0.5583919 0.8301553 0.5658749 0.5225557 0.4700595 0.3606647 0.4945024 0.6777609 0.5978113 0.5306633 0.6078193 0.5284304 0.4276855 0.3387204 0.1193447 0.3733962 0.5230227 0.5274511 0.609774 0.6630781 0.5992339 0.5123627 0.4222746 0.4636815
0.6791697 0.6040505 0.598395 0.6688151 0.5120638 0.4434967 0.4167571 0.3042375 0.4480412 0.349044 0.2930849 0.1971669 0.7093912 0.8516294 0.7076685 0.6619822 0.5812193 0.5774456 0.5945746 0.5523707 0.4576138 0.2877688 0.1705184 0.1152488 0.3544561 0.6450655 0.7214534 0.7274703 0.8110171 0.7320458 0.5581698 0.5842785 0.5531213 0.4786777 0.511269 0.6527154 0.6881139 0.527433 0.4503099 0.784282 0.6394246 0.3923188 0.4902794 0.479568 0.6534928 0.7048378 0.6499043 0.6512747 0.6129366 0.5035682 0.4402215 0.2808711 0.07063556 0.3292394 0.5154969 0.5688155 0.6631532 0.65128 0.498262 0.5640879 0.6194292 0.5647389
0.6937506 0.7020596 0.659639 0.6594893 0.5840759 0.4412141 0.1710756 0.4829116 0.4763808 0.3828966 0.3316055 0.4301131 0.7150937 0.816774 0.7476267 0.6680489 0.5778823 0.5776734 0.579724 0.5026747 0.3534301 0.3373877 0.5246612 0.6796342 0.7295448 0.6271356 0.5311425 0.6087886 0.7222647 0.6199831 0.5104589 0.5184883 0.4867131 0.4420332 0.4490488 0.5730149 0.750572 0.6315079 0.5039281 0.7621835 0.66907 0.2015954 0.4891795 0.610078 0.7148218 0.659316 0.64205 0.6467767 0.5692854 0.4671898 0.3944966 0.2268261 0.1378869 0.3524488 0.5292922 0.6232871 0.6283367 0.4787489 0.5743603 0.6404146 0.6097307 0.5292943
0.6614997 0.7470852 0.7490437 0.6602595 0.584121 0.3096823 0.4612617 0.5714304 0.4642963 0.3809399 0.4183984 0.511928 0.6844406 0.7749563 0.780489 0.7198808 0.6272539 0.6238344 0.6154862 0.3076712 0.3703405 0.6193458 0.7427812 0.7741049 0.7484908 0.6994351 0.6604813 0.7014081 0.6970659 0.4920084 0.3225504 0.3198601 0.3281417 0.3256701 0.2293916 0.3885563 0.6144015 0.5600948 0.4910511 0.6687183 0.6535521 0.2819515 0.4394827 0.7182832 0.7785871 0.6417918 0.5887994 0.5627986 0.4879835 0.4161226 0.3482677 0.136008 0.2376181 0.4510503 0.5908265 0.5889401 0.4102211 0.4767548 0.4904883 0.4766634 0.4951207 0.5134708
0.6915458 0.727729 0.7314833 0.6552359 0.4978291 0.4506658 0.6351103 0.5759287 0.3887956 0.445291 0.496603 0.5293306 0.6319218 0.6996349 0.7710828 0.7959527 0.7322519 0.7460102 0.6039597 0.2774387 0.6287825 0.7735276 0.8285798 0.8209223 0.8042789 0.8098528 0.7943884 0.75441 0.6497782 0.4118587 0.2476236 0.2031931 0.1655633 0.135767 0.3229252 0.4783387 0.5737935 0.5682223 0.4776348 0.4535812 0.6240045 0.5310981 0.4729719 0.7700155 0.7937704 0.6885848 0.5831326 0.5079151 0.4572375 0.4485803 0.3512674 0.1357483 0.3579338 0.5056247 0.5689747 0.3378822 0.4912911 0.5606286 0.5132202 0.5327139 0.5232886 0.5400943
