data/arenosa/slope_rad.asc
ncols         435
nrows         456
xllcorner     891236.30040912
yllcorner     1168994.6457458
cellsize      10
NODATA_value  -9999
[rows 252 to 279 of 456, columns 186 to 247 of 435]
0.5603305 0.7020322 0.7082992 0.6732151 0.4845201 0.428663 0.5846557 0.6887927 0.6109552 0.4731801 0.468443 0.5474681 0.5687111 0.5794646 0.4529506 0.4648988 0.6560303 0.6688673 0.6675262 0.6185653 0.4912948 0.628358 0.5750952 0.5724286 0.5251716 0.3751456 0.4680592 0.5791437 0.7441664 0.3998615 0.4513242 0.488772 0.5291828 0.5361971 0.5491487 0.5145714 0.4530921 0.4323564 0.3847872 0.2928512 0.2263942 0.2857947 0.4415355 0.4170057 0.3749397 0.3667167 0.3633071 0.4771821 0.5257995 0.4451452 0.3426888 0.3249096 0.4036342 0.4975402 0.5057429 0.4830009 0.4902426 0.4150333 0.1623052 0.2480055 0.4199385 0.5421762
0.797957 0.7503065 0.7375966 0.7523354 0.4975761 0.4580593 0.6620836 0.6412697 0.4269753 0.3381397 0.2973777 0.5364102 0.5501093 0.5698521 0.4526419 0.4736637 0.6021639 0.6156715 0.5938136 0.4841555 0.5284869 0.6304989 0.6014515 0.6282687 0.5799498 0.4202627 0.4821681 0.5783975 0.7451395 0.6949291 0.1651821 0.5223019 0.5931971 0.6365715 0.610078 0.5026159 0.4156086 0.2888899 0.26061 0.328008 0.3137283 0.3687516 0.4472996 0.4266482 0.4127728 0.4006376 0.4692547 0.5391499 0.4529547 0.3737561 0.3685904 0.4238591 0.5051892 0.5269752 0.4886217 0.421981 0.3095235 0.1701765 0.3463683 0.4679653 0.5540746 0.5843263
0.6404018 0.6872421 0.7543547 0.7783315 0.4969843 0.5535696 0.7138957 0.5576274 0.4303841 0.457222 0.3960185 0.5539688 0.5999058 0.5878825 0.4938157 0.607912 0.6457532 0.6280949 0.4852395 0.3174934 0.4992031 0.5786511 0.571581 0.6589099 0.5913225 0.344153 0.4309593 0.5748813 0.6826799 0.7998308 0.5975799 0.3103869 0.6495696 0.6952441 0.6602132 0.5394036 0.3853596 0.09066878 0.2892553 0.4443624 0.3787303 0.3537813 0.4471076 0.4383885 0.3976115 0.4393575 0.4912174 0.44803 0.3468723 0.3559369 0.4116829 0.4503599 0.4464323 0.410309 0.375554 0.2037633 0.1956 0.4246179 0.5311118 0.5957456 0.6672344 0.6333911
0.5539829 0.6395178 0.7999262 0.7313841 0.4399554 0.5550787 0.6426725 0.4659576 0.5520442 0.5774698 0.531704 0.6102508 0.6745342 0.6059995 0.4971011 0.5753882 0.5589995 0.559078 0.4082815 0.2756175 0.4550748 0.5308936 0.57867 0.6967266 0.5814122 0.3106776 0.4119817 0.5693222 0.622261 0.6759009 0.7463428 0.3489346 0.6694621 0.6456289 0.6740153 0.6415237 0.3235524 0.06490151 0.3494954 0.4143964 0.3190864 0.3440315 0.4628656 0.4031655 0.3720518 0.4753886 0.4769638 0.414824 0.3912225 0.4081008 0.4210514 0.3757667 0.3175327 0.3018159 0.2220716 0.215332 0.39733 0.4541798 0.4948593 0.5730231 0.6315745 0.5396757
0.4670761 0.6755055 0.8215449 0.6489294 0.5770346 0.6354905 0.6395907 0.5265663 0.5488302 0.4433804 0.3912713 0.4882975 0.5997774 0.5597489 0.5445904 0.4439158 0.4504842 0.5405933 0.3689876 0.3078744 0.410152 0.4888234 0.6308922 0.7277358 0.5556989 0.3768384 0.4137093 0.5059055 0.6000227 0.5618781 0.6770522 0.3952321 0.65138 0.5536603 0.6669479 0.7083314 0.2336055 0.1237582 0.3275538 0.3643096 0.3473335 0.4179643 0.4767803 0.3870268 0.3944796 0.4876212 0.4838303 0.4815119 0.4642031 0.4160471 0.3537981 0.249176 0.2460802 0.261444 0.2250761 0.3251396 0.3715347 0.3766748 0.4614552 0.5633289 0.5446191 0.3061372
0.4211489 0.7275945 0.7333645 0.5875751 0.6621847 0.7599689 0.7380285 0.6202264 0.5124581 0.3793026 0.3830947 0.4791961 0.450352 0.542723 0.5499635 0.3959005 0.4863757 0.5115482 0.2066905 0.3054178 0.2835809 0.3585717 0.5997923 0.6975374 0.5781432 0.4706324 0.3609656 0.4637309 0.5802621 0.5208232 0.5926577 0.2646625 0.5953159 0.5505205 0.6855539 0.6794593 0.1502658 0.1555774 0.3015043 0.3366738 0.3968505 0.4913623 0.5088769 0.4263405 0.4110462 0.466033 0.5012437 0.5233009 0.4579358 0.3461635 0.2395996 0.1304938 0.2210942 0.3175887 0.3088599 0.3322504 0.3548461 0.4307203 0.5523602 0.5714759 0.3974979 0.1880379
0.5441051 0.669979 0.6053702 0.4841174 0.5924973 0.6791334 0.636172 0.5384548 0.4071599 0.2993701 0.444297 0.4942558 0.4941955 0.5321666 0.4845775 0.3621624 0.5187579 0.4203874 0.2830913 0.410846 0.2869925 0.2853764 0.4760519 0.5491148 0.4549317 0.3321334 0.369572 0.5901434 0.6130841 0.5246448 0.493275 0.1593671 0.5836686 0.6270266 0.7074293 0.5666482 0.05685863 0.1922477 0.2742824 0.3414119 0.4405892 0.5274724 0.5297017 0.452781 0.4071198 0.4547791 0.4953175 0.4863561 0.4130247 0.2707906 0.13645 0.2204998 0.3202153 0.3631216 0.3514746 0.3725861 0.4074437 0.5320249 0.6064382 0.4973826 0.2305223 0.3874089
0.6488498 0.5758225 0.5386557 0.5039822 0.610004 0.5686702 0.4941525 0.4505079 0.3800806 0.2743082 0.4291894 0.4244784 0.4482201 0.4465105 0.4873832 0.5310735 0.6137741 0.3853143 0.4062604 0.4903144 0.3738037 0.2867205 0.4089337 0.454726 0.3552493 0.3921373 0.6011087 0.6844965 0.5780361 0.4221249 0.2598885 0.4103674 0.6206719 0.6685253 0.7129865 0.4763516 0.1944448 0.2348783 0.262301 0.3633728 0.4748328 0.5421789 0.5356646 0.4944336 0.4580568 0.4720798 0.469173 0.3834737 0.3243598 0.2967121 0.3048405 0.3524041 0.3260714 0.3354295 0.3680062 0.4217182 0.4686874 0.5767152 0.5736997 0.3238102 0.2418008 0.5370824
0.6881389 0.5426592 0.5115153 0.4989292 0.5675877 0.4687074 0.4079958 0.3577691 0.372643 0.3400415 0.4022371 0.3393317 0.412191 0.5157735 0.5884311 0.7065647 0.6098915 0.3609839 0.3829684 0.4536035 0.4429298 0.4045279 0.4550499 0.4829259 0.4492291 0.5402515 0.6751922 0.6285849 0.3823217 0.2534736 0.4841809 0.6320723 0.6934402 0.6937654 0.6901836 0.4331498 0.34817 0.3400218 0.2923057 0.3953748 0.4979816 0.5521697 0.5601479 0.5505857 0.500026 0.4378101 0.3790432 0.246531 0.1843893 0.3170206 0.3695028 0.3225014 0.2976311 0.3432825 0.4007674 0.4449821 0.4754595 0.5630717 0.5116882 0.2270635 0.4574031 0.5539244
0.6480352 0.5047692 0.4877059 0.4604651 0.490979 0.4137811 0.3869402 0.3381388 0.3698756 0.3971498 0.3953821 0.30068 0.4562922 0.5937493 0.6932327 0.6450271 0.5057502 0.466094 0.3401911 0.3523158 0.3842252 0.421731 0.5108046 0.5278644 0.5188634 0.6419274 0.6940737 0.4096792 0.349143 0.6111411 0.6770916 0.6576318 0.6519682 0.5804813 0.5851953 0.3522976 0.4348977 0.4541447 0.3416401 0.4255456 0.5065721 0.5681279 0.5817676 0.5420164 0.4546477 0.3607964 0.2543501 0.2073455 0.283315 0.3368886 0.363086 0.3682762 0.3765408 0.4007961 0.403517 0.4032884 0.4317358 0.5183794 0.3504915 0.3517262 0.543281 0.5998781
0.5442823 0.4462404 0.4146685 0.3942696 0.4214003 0.3725249 0.3850478 0.3483741 0.3623107 0.4244296 0.4292893 0.3415031 0.4431942 0.3988004 0.4064386 0.2722315 0.4737573 0.5076513 0.3591795 0.3312262 0.4445737 0.5494389 0.5927426 0.5510156 0.6099198 0.6679409 0.4502881 0.4902701 0.6782881 0.6804553 0.6156475 0.5760625 0.5627613 0.4857917 0.4883406 0.1655632 0.4904539 0.492412 0.3867388 0.4407739 0.5009117 0.5695914 0.5497226 0.4673403 0.4075526 0.3835036 0.3230243 0.368036 0.4037124 0.3819226 0.3711302 0.3821475 0.391074 0.3921793 0.3695877 0.3842609 0.4774615 0.4936787 0.179305 0.4836391 0.5504327 0.7156845
0.4569184 0.3926187 0.3475378 0.4050496 0.417347 0.3916212 0.4226151 0.3856287 0.3630104 0.3859832 0.4194782 0.3764279 0.4069478 0.2428176 0.1493992 0.3238373 0.4487298 0.4589656 0.4361654 0.4801442 0.5880988 0.6150759 0.6017817 0.6271779 0.6835666 0.3333463 0.534292 0.7655948 0.7059512 0.558634 0.4426128 0.4048803 0.4979326 0.5221708 0.4044147 0.16972 0.4999414 0.4527105 0.4328043 0.455407 0.4744618 0.5314592 0.4922756 0.4314603 0.4126271 0.4344034 0.442666 0.4258355 0.3813627 0.363046 0.362021 0.3600341 0.3518114 0.3476804 0.3847516 0.5148016 0.6054268 0.4567133 0.3642428 0.5683966 0.5731686 0.7622126
0.4593674 0.4109247 0.3885264 0.4686828 0.4780917 0.4996999 0.5113922 0.4715453 0.4212799 0.3392398 0.3309772 0.3791491 0.3751976 0.273322 0.296668 0.4287527 0.4574625 0.4793769 0.5601997 0.6101636 0.6201717 0.5837806 0.6087128 0.7044792 0.4720761 0.4124955 0.7288583 0.64456 0.5291027 0.3787446 0.3298389 0.4585574 0.6048455 0.5236925 0.3240158 0.3882637 0.470596 0.4152726 0.4560688 0.4818788 0.4489637 0.4552703 0.4350383 0.4196667 0.4054622 0.4020763 0.420469 0.396231 0.3641798 0.3574362 0.355111 0.3440439 0.3349277 0.3472262 0.4766367 0.641046 0.5761141 0.3297393 0.5442958 0.6047488 0.6207016 0.6974652
0.4533138 0.4391622 0.4287351 0.4839066 0.5085598 0.5357227 0.4928672 0.5234066 0.5018508 0.3473073 0.3408245 0.4561462 0.3556336 0.2272508 0.3431101 0.4985193 0.5210244 0.5435963 0.6230886 0.6511328 0.6266863 0.5826926 0.63994 0.6072901 0.1304018 0.751826 0.7564 0.541611 0.4946274 0.4664527 0.5482351 0.6713952 0.6493394 0.4093369 0.380507 0.4684445 0.4684135 0.4052213 0.4192425 0.485347 0.4717763 0.4274308 0.3853191 0.3660625 0.4022391 0.4434933 0.469748 0.4558342 0.4068569 0.3848633 0.3811664 0.3678449 0.3654872 0.4010331 0.5438833 0.5675203 0.296384 0.4469082 0.6380957 0.6201214 0.6823783 0.5147175
0.3851713 0.4380801 0.5176611 0.5547471 0.5474582 0.5105668 0.3847789 0.5120919 0.5290615 0.3470322 0.4633029 0.4455092 0.3681291 0.3068288 0.3797738 0.5069767 0.562649 0.6101536 0.6814782 0.6913001 0.6437718 0.5820431 0.5642076 0.2858699 0.4542286 0.8035774 0.7214368 0.5225022 0.6126409 0.614835 0.641495 0.5991902 0.4000813 0.2637505 0.4504124 0.4966014 0.473231 0.4108076 0.3928646 0.41578 0.432572 0.4269474 0.3478839 0.3432851 0.4334807 0.4736342 0.4903054 0.4993933 0.4621919 0.432669 0.4190098 0.3997593 0.3848555 0.3995571 0.4907017 0.3359841 0.2558286 0.5669065 0.6293254 0.6865401 0.7021389 0.1881255
0.5031789 0.6702202 0.6771289 0.6377096 0.5817086 0.4545389 0.3421627 0.5116721 0.4921309 0.4105842 0.5016741 0.3680496 0.3851621 0.4097548 0.4365213 0.5072374 0.591338 0.6710828 0.7283626 0.6850758 0.5599636 0.4610648 0.4545597 0.2683218 0.5434456 0.7526915 0.6746004 0.3944456 0.5100569 0.5436764 0.5722987 0.4775161 0.3615332 0.390935 0.5320578 0.5690718 0.503343 0.4803571 0.480381 0.4220106 0.3597575 0.3830381 0.361061 0.442737 0.4967383 0.5227751 0.5190508 0.5105692 0.5011056 0.4831535 0.4539117 0.4261622 0.3956935 0.4024509 0.3982282 0.09872025 0.432505 0.5754445 0.5969823 0.7303535 0.6115503 0.2311547
0.6787223 0.703275 0.6634959 0.6179531 0.5215443 0.4015999 0.4118553 0.495683 0.4821096 0.5598726 0.4987595 0.4105748 0.4999026 0.5145199 0.502695 0.5372907 0.6257054 0.7046825 0.7125618 0.5632933 0.4368762 0.5404007 0.6475456 0.3967001 0.5331696 0.7266642 0.6766396 0.4583419 0.4395401 0.5069405 0.6178466 0.6531811 0.6416832 0.6046318 0.6615392 0.6632571 0.5422013 0.5513975 0.5974757 0.5084016 0.3716473 0.4044223 0.4660228 0.5369596 0.5636772 0.5647331 0.541128 0.5273634 0.5158738 0.4929976 0.4686198 0.451851 0.4329886 0.3911747 0.2209881 0.2787587 0.4624108 0.5525837 0.5844221 0.6892027 0.4779198 0.4199436
0.5980353 0.4859474 0.5222486 0.5249816 0.4499593 0.4288808 0.4386618 0.4073686 0.5549012 0.5896752 0.4402179 0.5060176 0.6071588 0.5566506 0.5117335 0.5485867 0.6552442 0.7061186 0.5934512 0.379308 0.4342704 0.4738861 0.6290091 0.4628507 0.5223417 0.7640969 0.7173101 0.5416932 0.5196531 0.6488571 0.7660171 0.7639186 0.7500849 0.6723393 0.7201229 0.7621214 0.6245484 0.6018002 0.6773564 0.5701342 0.4021583 0.4250479 0.500047 0.5675112 0.5780144 0.5444403 0.508568 0.485233 0.46388 0.4488353 0.439119 0.4263106 0.3964608 0.2781944 0.200675 0.377252 0.4613871 0.5447023 0.5937877 0.6113588 0.2957077 0.516211
0.4749895 0.4057312 0.3996048 0.3801977 0.4003494 0.5016729 0.4220025 0.4448305 0.5758398 0.4897236 0.4748477 0.6039323 0.5993855 0.5667685 0.552906 0.5956244 0.667056 0.6109762 0.4640251 0.5059966 0.5171716 0.4379006 0.6106738 0.3932275 0.5552793 0.8148336 0.7430135 0.6338165 0.6829992 0.7555106 0.7490991 0.6213563 0.6677144 0.6485043 0.7119377 0.8510033 0.799331 0.7118385 0.7419839 0.6090542 0.357587 0.4049645 0.5729684 0.5923277 0.5417823 0.5137349 0.5011603 0.456982 0.3921469 0.3691078 0.359801 0.3103625 0.2417833 0.2364019 0.3048931 0.4247684 0.5094931 0.5325038 0.5965369 0.5150544 0.2479729 0.587904
0.4699193 0.3861068 0.3087642 0.2886004 0.3867382 0.5259733 0.4404922 0.5145722 0.4701746 0.4707394 0.6437287 0.6432713 0.5891002 0.5924655 0.604571 0.5736509 0.5882 0.606082 0.5701599 0.5165328 0.4729151 0.5737162 0.6459636 0.2249422 0.6453456 0.8330704 0.7547168 0.7234451 0.684554 0.5642224 0.4743459 0.3659175 0.5555531 0.5702106 0.6231071 0.8070838 0.8585829 0.7921209 0.7722334 0.6361812 0.3313912 0.4605947 0.62727 0.572667 0.5205085 0.5063202 0.5018175 0.4466909 0.313683 0.2432391 0.2576522 0.2781866 0.212637 0.2412809 0.3810604 0.5159895 0.5479618 0.5440582 0.5819775 0.3275318 0.4157327 0.6451707
0.5188319 0.4971075 0.4788259 0.4378204 0.4922021 0.5855569 0.5804628 0.5463807 0.4322395 0.5129454 0.7179676 0.6951742 0.6432773 0.6377878 0.5643278 0.464675 0.5254111 0.5445549 0.453116 0.3801331 0.3893996 0.6677218 0.6456497 0.3937989 0.7034588 0.791756 0.7393423 0.6647183 0.5305637 0.3078059 0.2824871 0.2576755 0.4578167 0.4859734 0.4949908 0.6671699 0.8349767 0.8321832 0.7746556 0.660265 0.3894046 0.5709945 0.5840536 0.4691309 0.4935991 0.5081359 0.5395196 0.4969925 0.3067679 0.2122582 0.2343235 0.2985049 0.2661268 0.2677951 0.4623685 0.5795876 0.6075004 0.6261534 0.5062296 0.1019341 0.4906511 0.5897079
0.5149903 0.5732999 0.5795259 0.5299152 0.5295745 0.5834984 0.604774 0.5879701 0.4989757 0.5944781 0.7594154 0.7146882 0.6560197 0.6034417 0.5227857 0.500295 0.4851842 0.4420129 0.3658274 0.3626355 0.4034318 0.6294256 0.6023275 0.4599296 0.6553728 0.7026761 0.6808222 0.5312515 0.5342095 0.3944896 0.2880548 0.2683087 0.3841734 0.4090627 0.3614007 0.5721739 0.8089262 0.8237305 0.7513734 0.6969675 0.3923847 0.5815582 0.5472475 0.4314834 0.46017 0.4828303 0.5829322 0.5722899 0.3848791 0.2983661 0.2673369 0.2866492 0.2406 0.2774563 0.5001372 0.6648448 0.7415603 0.597184 0.2439405 0.3798627 0.5612035 0.5835605
0.4342402 0.4161972 0.4152906 0.4508456 0.4589581 0.4607739 0.4614791 0.3781615 0.4028766 0.704298 0.7926785 0.6334864 0.5607323 0.6363567 0.6284258 0.5699937 0.5363345 0.4324545 0.3638572 0.3696688 0.3896683 0.5443467 0.4793591 0.2990453 0.5647272 0.6404346 0.6516902 0.502057 0.6169306 0.5166234 0.3150848 0.3253439 0.3696429 0.3688566 0.3667709 0.6106711 0.7655537 0.7270893 0.662694 0.6884137 0.3503154 0.5948143 0.5255373 0.4134998 0.4430539 0.4879582 0.6075957 0.6189808 0.4743105 0.3691984 0.28595 0.2612101 0.3184634 0.4119118 0.6088771 0.8004745 0.6678277 0.2856299 0.4157882 0.6023704 0.7129037 0.7056197
0.3627292 0.3361175 0.3880379 0.4511926 0.4712922 0.4209939 0.3384939 0.3460071 0.5169684 0.699713 0.7322546 0.6457862 0.5799179 0.5748125 0.5971928 0.6101237 0.5619641 0.4380293 0.4086086 0.4131699 0.3530772 0.4699284 0.4019152 0.268376 0.485174 0.6370754 0.6962733 0.5840285 0.6504982 0.5134535 0.2674955 0.2873642 0.3362411 0.4040301 0.5630562 0.7638779 0.7551711 0.641988 0.5827249 0.5566519 0.2535294 0.6240882 0.4574275 0.37388 0.4128504 0.5221799 0.6254065 0.642628 0.5355512 0.4223161 0.3231955 0.2998421 0.4260992 0.5179684 0.7360213 0.6602754 0.4642559 0.6760204 0.713097 0.7704028 0.7570072 0.6524504
0.3569241 0.3744029 0.4490791 0.4872368 0.498998 0.434674 0.3803484 0.4439531 0.5362898 0.675089 0.7268043 0.7041821 0.6016239 0.5504401 0.6475585 0.6618814 0.5825111 0.4774418 0.4915555 0.4689335 0.3227502 0.3543521 0.2872467 0.3155109 0.3709714 0.5657205 0.7443778 0.670765 0.6338643 0.4569007 0.1606492 0.09075789 0.3358737 0.5815804 0.7852753 0.8497561 0.7220296 0.6123772 0.5617104 0.3223225 0.4115331 0.6374134 0.4687883 0.4728576 0.4381681 0.5181595 0.6160894 0.6634626 0.6102956 0.498703 0.3845204 0.382091 0.5130096 0.635103 0.7277013 0.3649992 0.673797 0.7435061 0.7373056 0.6696395 0.5998868 0.5440842
0.5198708 0.4522364 0.4281507 0.4704703 0.5249315 0.5401854 0.5444428 0.5235289 0.5102436 0.5586057 0.5837721 0.623856 0.6050856 0.5953725 0.6989059 0.6999492 0.6250522 0.5525002 0.5479033 0.4538762 0.2507941 0.199125 0.1957286 0.3217252 0.3152677 0.3753452 0.711113 0.7792543 0.7214442 0.4821957 0.1457016 0.2612128 0.4928009 0.7391634 0.8329437 0.7639534 0.6159739 0.4874562 0.3643804 0.1994148 0.6743965 0.7232094 0.6401846 0.6540784 0.544354 0.5371302 0.5875151 0.6677592 0.6638533 0.5510076 0.4455833 0.5011787 0.6591448 0.751583 0.4766289 0.3945881 0.6169239 0.5730138 0.5522538 0.4876219 0.5853025 0.56993
0.5388336 0.4852307 0.4109708 0.4117298 0.4671229 0.5086682 0.5578548 0.538904 0.5180756 0.5242212 0.5134127 0.5662113 0.5923721 0.6475888 0.7042503 0.6746751 0.6531584 0.6073131 0.5302548 0.3782172 0.2152899 0.2389317 0.3656099 0.4205347 0.4125716 0.3783507 0.6432306 0.8076599 0.7732 0.4209685 0.3223882 0.4183368 0.5401163 0.7411312 0.7286114 0.6362097 0.5701141 0.3977793 0.2434327 0.4102111 0.8037983 0.7760252 0.6973377 0.6415809 0.5130259 0.5264067 0.5229577 0.6278398 0.6637675 0.5737486 0.5637618 0.6506957 0.7709973 0.6760548 0.1086652 0.5955659 0.592946 0.4800002 0.5412145 0.6687904 0.7203074 0.5271737
0.3672695 0.392557 0.3632812 0.3122906 0.3239011 0.4151412 0.5284978 0.5416696 0.5416688 0.5634508 0.5802947 0.668237 0.7128788 0.6876345 0.6177557 0.6081702 0.6667823 0.6140134 0.4535509 0.3541183 0.3921775 0.4888243 0.5246363 0.524959 0.5236465 0.429972 0.606689 0.8037239 0.6865072 0.3052233 0.5030728 0.4388662 0.5100986 0.6044927 0.608929 0.6676661 0.611359 0.4474034 0.3148188 0.5008371 0.8457523 0.7423493 0.5227592 0.3299017 0.3903632 0.4798698 0.4418268 0.5916813 0.6665249 0.642678 0.6751842 0.7336071 0.7250476 0.4007683 0.4845458 0.7004187 0.6223566 0.5355527 0.6135017 0.7058778 0.6794339 0.5428647
