data/arenosa/slope_rad.asc
ncols         435
nrows         456
xllcorner     891236.30040912
yllcorner     1168994.6457458
cellsize      10
NODATA_value  -9999
[rows 224 to 251 of 456, columns 372 to 433 of 435]
0.5739778 0.6426035 0.5265188 0.3272139 0.3043367 0.6019374 0.4088938 0.4189945 0.4481912 0.513763 0.5334639 0.5482355 0.5411367 0.5253438 0.5251252 0.578312 0.6210482 0.6128799 0.6138852 0.6014801 0.5913377 0.6676747 0.7480018 0.7725196 0.7649462 0.7288339 0.7055949 0.7095365 0.7188601 0.6897496 0.6350244 0.6357293 0.7301835 0.7369013 0.6598063 0.7323139 0.7301095 0.7022148 0.7277494 0.7585869 0.7268773 0.679409 0.6745676 0.6754805 0.6736382 0.7115387 0.7439475 0.7077798 0.6735726 0.7363427 0.7765846 0.7455414 0.6758082 0.3500362 -9999 -9999 -9999 -9999 -9999 -9999 -9999 -9999
0.4776489 0.5763118 0.5267326 0.2945823 0.2053948 0.6905279 0.4502944 0.470669 0.4895754 0.5112119 0.5178627 0.5377474 0.5270003 0.5015447 0.5057098 0.5566267 0.5824129 0.5682037 0.6298064 0.6792337 0.6888983 0.7436932 0.7553484 0.6574107 0.5598333 0.5220662 0.5450342 0.6140876 0.6728389 0.6739194 0.6646055 0.6831576 0.7478087 0.8011963 0.7145251 0.734129 0.7745831 0.7390241 0.7567387 0.7641708 0.7317638 0.7002589 0.663743 0.6602088 0.6740058 0.7179458 0.7494073 0.7109141 0.689051 0.7582068 0.8063589 0.7599487 0.6665207 0.3694154 -9999 -9999 -9999 -9999 -9999 -9999 -9999 -9999
0.4051724 0.5228984 0.4977605 0.2604611 0.1193188 0.7535613 0.511602 0.4555435 0.4968364 0.5216713 0.5123006 0.4970953 0.4797763 0.4694022 0.4840271 0.5415377 0.5713393 0.5610429 0.6482865 0.7213879 0.7433007 0.7758135 0.7333283 0.581457 0.4739382 0.4828189 0.5235165 0.6037453 0.6813933 0.6997043 0.7076953 0.727403 0.7681557 0.8384939 0.8281696 0.7238179 0.778193 0.7433648 0.7442579 0.7478278 0.7389247 0.7040613 0.6429596 0.6257051 0.6791469 0.7985073 0.8377156 0.7814302 0.7228861 0.7362207 0.7809563 0.7543936 0.7031193 0.4445896 -9999 -9999 -9999 -9999 -9999 -9999 -9999 -9999
0.2968398 0.461953 0.4150908 0.2556936 0.1331354 0.7725989 0.5789109 0.4600165 0.4703711 0.4982198 0.4833181 0.4597473 0.4337144 0.4307314 0.447865 0.5359912 0.5901501 0.5844287 0.6506958 0.7105522 0.7525992 0.7971742 0.7512575 0.6143682 0.5124269 0.5048745 0.5650669 0.6596318 0.7113658 0.7079566 0.7152705 0.7275388 0.7355682 0.772151 0.8200655 0.7319933 0.7097157 0.6923557 0.6929734 0.6950046 0.6870438 0.6694464 0.6602008 0.7038931 0.8220285 0.9058011 0.894432 0.8262967 0.7346063 0.6946337 0.7043242 0.7055203 0.7574509 0.5671325 -9999 -9999 -9999 -9999 -9999 -9999 -9999 -9999
0.3788875 0.4032893 0.3233899 0.2447101 0.1856427 0.7650951 0.6302828 0.5622659 0.4954755 0.4268482 0.4107766 0.4239083 0.4158846 0.4253237 0.4614577 0.5656595 0.6290424 0.6336867 0.6522779 0.6727826 0.7358001 0.7944027 0.7765366 0.692002 0.6073444 0.5774637 0.6094335 0.6792866 0.7104525 0.6966789 0.6961729 0.7003392 0.6905752 0.685212 0.7509704 0.7759729 0.7043412 0.6665143 0.6764552 0.6980518 0.6818595 0.6752034 0.7284594 0.8211222 0.9014305 0.8996467 0.8660389 0.8015082 0.718653 0.6726435 0.6592308 0.6688616 0.6496481 0.4771 -9999 -9999 -9999 -9999 -9999 -9999 -9999 -9999
0.2061073 0.251739 0.2049471 0.2331404 0.2042828 0.7371447 0.6632332 0.6587242 0.5236371 0.351796 0.352836 0.4065628 0.4184757 0.4313793 0.4921444 0.566668 0.6092084 0.6318731 0.6368461 0.643921 0.7288089 0.7999483 0.8045731 0.766212 0.6846849 0.6115773 0.5922367 0.6306974 0.656444 0.6435145 0.6487443 0.6660067 0.6690298 0.6719675 0.7282302 0.7996326 0.7754562 0.7031641 0.7065162 0.7154303 0.7285287 0.7053815 0.7352743 0.7883361 0.7608496 0.7157065 0.7280931 0.6579982 0.6213735 0.618627 0.6759071 0.7231724 0.4948985 -9999 -9999 -9999 -9999 -9999 -9999 -9999 -9999 -9999
0.428872 0.4250273 0.4239402 0.2551393 0.2632796 0.6759076 0.6722632 0.7181858 0.5756058 0.3741077 0.3416119 0.4077613 0.4539861 0.4797982 0.5261944 0.5476834 0.5605028 0.6007671 0.6204573 0.6316095 0.7393801 0.8214431 0.830897 0.7997364 0.6919835 0.5944847 0.5828506 0.6163466 0.6231333 0.5962229 0.6142757 0.6447071 0.6464918 0.6507892 0.7011353 0.7716711 0.8031843 0.7686396 0.7654103 0.7422866 0.7514403 0.7552798 0.6911776 0.6152998 0.547393 0.5542599 0.6410894 0.576845 0.5043328 0.6006846 0.6685171 0.5578241 0.3736739 -9999 -9999 -9999 -9999 -9999 -9999 -9999 -9999 -9999
0.685807 0.5914087 0.4805378 0.220104 0.3014929 0.5857295 0.6431497 0.7119213 0.6487417 0.5493299 0.4597728 0.4506991 0.5158652 0.5358232 0.5546248 0.5695937 0.5753973 0.5927765 0.6086621 0.6417276 0.7470262 0.8210173 0.838107 0.7986374 0.6745286 0.5912238 0.6076142 0.6384807 0.6336606 0.6030048 0.5950922 0.6015221 0.6000586 0.6091387 0.6555103 0.7187461 0.7869132 0.7978022 0.7436192 0.7140021 0.7300034 0.7379216 0.6200908 0.4777899 0.4442551 0.4623805 0.5641122 0.6265588 0.5243165 0.5071945 0.43815 0.2511539 -9999 -9999 -9999 -9999 -9999 -9999 -9999 -9999 -9999 -9999
0.539821 0.4962761 0.4954597 0.3392934 0.3250146 0.5075797 0.6009991 0.6384329 0.6053767 0.5810274 0.5522637 0.5380946 0.5704562 0.5638255 0.5377885 0.5747956 0.6116304 0.6118627 0.6175706 0.6646678 0.7313821 0.7778061 0.8186597 0.8010252 0.7020274 0.6381894 0.6462514 0.6540802 0.640092 0.5940659 0.5518476 0.5513478 0.5729933 0.5980024 0.6299536 0.6586106 0.7013574 0.7484192 0.7114103 0.6467056 0.6366405 0.6416917 0.5589542 0.4635543 0.4180865 0.3849972 0.4839618 0.6294936 0.628966 0.4029696 0.1614921 -9999 -9999 -9999 -9999 -9999 -9999 -9999 -9999 -9999 -9999 -9999
0.463158 0.5096649 0.5150174 0.4575831 0.3987429 0.4958743 0.6519018 0.6938823 0.6613878 0.5974045 0.5596694 0.5654634 0.5726569 0.562776 0.5548151 0.5978899 0.6308427 0.6255485 0.6304411 0.6549891 0.6969782 0.7387942 0.7663761 0.7683465 0.7302941 0.7043577 0.6928465 0.6734484 0.6331832 0.5486991 0.5037298 0.5139024 0.5549613 0.5803884 0.5929155 0.6031499 0.6230292 0.6799343 0.717311 0.651397 0.5837508 0.5785983 0.5512793 0.5013121 0.4797339 0.4521716 0.5166981 0.6529906 0.6362016 0.3289539 -9999 -9999 -9999 -9999 -9999 -9999 -9999 -9999 -9999 -9999 -9999 -9999
0.6094392 0.5873751 0.5692866 0.5640287 0.4416467 0.454431 0.6632513 0.7105265 0.637773 0.5481569 0.525997 0.5458011 0.5660273 0.5663426 0.5975037 0.6416842 0.6483307 0.6300557 0.6321478 0.6372685 0.6617796 0.7209019 0.7527085 0.7554468 0.7438065 0.7427754 0.7474448 0.7270984 0.6301908 0.5064441 0.4794483 0.4981557 0.5493214 0.5685218 0.5664821 0.5857148 0.5972046 0.6039189 0.6376444 0.6562316 0.6309081 0.6210342 0.5999016 0.5593549 0.5292215 0.5511324 0.638719 0.6912768 0.4958664 0.2420529 -9999 -9999 -9999 -9999 -9999 -9999 -9999 -9999 -9999 -9999 -9999 -9999
0.6874434 0.6411002 0.6066989 0.5993721 0.5284272 0.5662397 0.6771957 0.6944697 0.627167 0.5524435 0.5587278 0.5946227 0.5993964 0.57348 0.6069168 0.6547351 0.6671126 0.6363498 0.6013792 0.6172078 0.6503131 0.6893125 0.7415515 0.7605677 0.7644765 0.7745625 0.7813514 0.7403063 0.6115828 0.5022541 0.4779415 0.5194653 0.581495 0.5824955 0.5717171 0.5822335 0.5702888 0.5467534 0.5545328 0.6242962 0.6728638 0.6741766 0.6262717 0.5666844 0.5519978 0.5770984 0.6337444 0.583229 0.3142728 -9999 -9999 -9999 -9999 -9999 -9999 -9999 -9999 -9999 -9999 -9999 -9999 -9999
0.6680341 0.5981594 0.5664889 0.5888778 0.6267533 0.7197484 0.7349555 0.6842828 0.6388265 0.5994141 0.6294045 0.6617632 0.6451707 0.6073419 0.6064685 0.6366814 0.6521178 0.6307649 0.5914293 0.591832 0.5989013 0.6225169 0.6939768 0.7513378 0.7693389 0.7626094 0.7497243 0.6916604 0.5901631 0.5417294 0.5439686 0.6014283 0.636715 0.6176987 0.6132414 0.6027078 0.5586091 0.5347048 0.5441685 0.5888298 0.6229177 0.6024542 0.5572379 0.5410842 0.592489 0.5934389 0.5032949 0.2956868 0.06217465 -9999 -9999 -9999 -9999 -9999 -9999 -9999 -9999 -9999 -9999 -9999 -9999 -9999
0.5892225 0.5429666 0.5378442 0.6004875 0.6730286 0.704414 0.6735684 0.655724 0.6609185 0.6630613 0.6969942 0.7235152 0.6781684 0.6143385 0.5980077 0.6170884 0.6334128 0.6244584 0.6074193 0.6132423 0.6002066 0.5874001 0.6471024 0.7246077 0.7600476 0.7466112 0.7258106 0.6728286 0.6068265 0.6031498 0.6335938 0.6824055 0.6831285 0.6531713 0.6390157 0.6305931 0.5913922 0.5752797 0.579921 0.5657194 0.5676991 0.5785502 0.5765096 0.5850247 0.5971242 0.4757702 0.2508065 0.09260363 -9999 -9999 -9999 -9999 -9999 -9999 -9999 -9999 -9999 -9999 -9999 -9999 -9999 -9999
0.6204457 0.6415284 0.6682655 0.6810214 0.6076272 0.5036334 0.4723857 0.5134235 0.5515215 0.553607 0.6207604 0.6847088 0.6190519 0.5455937 0.5575428 0.6022856 0.645503 0.651449 0.6477368 0.6396019 0.6265306 0.6190406 0.6405185 0.6779463 0.7150913 0.7234323 0.7151152 0.6923766 0.6546187 0.6631013 0.6889485 0.6805995 0.6444489 0.6164245 0.6105046 0.6163818 0.5947019 0.581086 0.5802134 0.5508883 0.5669956 0.6013237 0.5769596 0.514277 0.4183654 0.2137929 0.05368988 -9999 -9999 -9999 -9999 -9999 -9999 -9999 -9999 -9999 -9999 -9999 -9999 -9999 -9999 -9999
0.5501231 0.5343871 0.5353674 0.4556052 0.2848284 0.2661323 0.4496421 0.5476971 0.4667799 0.4569549 0.615111 0.7000711 0.6187754 0.5186048 0.5171295 0.56677 0.5980788 0.5927533 0.601553 0.603915 0.6069835 0.62259 0.613639 0.59908 0.6302343 0.6938768 0.7238858 0.7246411 0.7125901 0.7154127 0.7228687 0.6628422 0.5239536 0.4289784 0.440349 0.5023102 0.51995 0.4783076 0.4182075 0.3925196 0.42979 0.3939513 0.3209722 0.2708831 0.170152 0.0713172 -9999 -9999 -9999 -9999 -9999 -9999 -9999 -9999 -9999 -9999 -9999 -9999 -9999 -9999 -9999 -9999
0.5964695 0.5609826 0.4759912 0.3549903 0.2568001 0.2491864 0.4252041 0.6040857 0.5762483 0.5456107 0.6575785 0.7369873 0.6963123 0.6258714 0.5881597 0.5620049 0.5256733 0.5332355 0.5767831 0.5776545 0.5684617 0.5809881 0.5383835 0.508471 0.5573906 0.697663 0.7885101 0.7755724 0.7512402 0.6935861 0.6176616 0.6319203 0.5933376 0.5276845 0.529235 0.5750782 0.5652564 0.4763744 0.3635556 0.2836959 0.3001443 0.2052402 0.09172703 0.09147712 0.06698502 -9999 -9999 -9999 -9999 -9999 -9999 -9999 -9999 -9999 -9999 -9999 -9999 -9999 -9999 -9999 -9999 -9999
0.6938034 0.7040364 0.6371161 0.5128555 0.483724 0.5014611 0.5306072 0.6164 0.6127676 0.5816903 0.6633749 0.7218139 0.7096297 0.6526022 0.6094494 0.6124659 0.6009876 0.6059373 0.6407235 0.6325281 0.6201206 0.6266795 0.5820828 0.5476304 0.5834852 0.7473139 0.8474063 0.7871524 0.6834795 0.5894727 0.6261753 0.7333303 0.7382502 0.6640632 0.6414058 0.6509008 0.5755698 0.4831974 0.4453387 0.383049 0.3761868 0.2748376 0.1313939 0.07084262 0.006076645 -9999 -9999 -9999 -9999 -9999 -9999 -9999 -9999 -9999 -9999 -9999 -9999 -9999 -9999 -9999 -9999 -9999
0.6723664 0.6810101 0.6705564 0.5846333 0.6300602 0.6313242 0.5790877 0.5949891 0.6282235 0.6398046 0.6918982 0.7255574 0.7276019 0.6881183 0.6584315 0.7096009 0.7336265 0.6962559 0.6621614 0.6338041 0.6071028 0.6039563 0.5941026 0.6030213 0.6687102 0.7957932 0.8422418 0.7233847 0.5263034 0.5595013 0.6398886 0.6909047 0.7080716 0.6964148 0.7143075 0.7172597 0.6905972 0.6455142 0.5673401 0.4415202 0.4188974 0.3279818 0.1674158 0.07764068 -9999 -9999 -9999 -9999 -9999 -9999 -9999 -9999 -9999 -9999 -9999 -9999 -9999 -9999 -9999 -9999 -9999 -9999
0.8163605 0.8119053 0.7859175 0.6645299 0.6176974 0.6186416 0.5641608 0.5901342 0.6481559 0.6906157 0.7491475 0.7799498 0.7963964 0.7425641 0.5699701 0.5464693 0.6783431 0.7244588 0.7045565 0.6750039 0.6585418 0.6703057 0.7112557 0.7556903 0.7629929 0.7740438 0.7496279 0.5627958 0.4937714 0.5571062 0.5722492 0.622117 0.6654544 0.7018924 0.7213252 0.6794097 0.6086841 0.6104292 0.5961798 0.5115378 0.4699724 0.3266092 0.1571309 0.07420153 -9999 -9999 -9999 -9999 -9999 -9999 -9999 -9999 -9999 -9999 -9999 -9999 -9999 -9999 -9999 -9999 -9999 -9999
0.9021268 0.8965081 0.8680237 0.7085032 0.5997868 0.6628386 0.6187153 0.6159632 0.621667 0.6386867 0.6769849 0.6626363 0.7206668 0.7654885 0.661658 0.6773847 0.7764758 0.8084989 0.7803957 0.7242042 0.7136871 0.7293633 0.7388416 0.7463537 0.6920835 0.6074836 0.54892 0.4816869 0.5348125 0.5567021 0.6181291 0.6270255 0.6215572 0.6359675 0.6788788 0.6819707 0.6897331 0.7202453 0.6696551 0.5642574 0.4312495 0.250357 0.1038388 0.02834582 -9999 -9999 -9999 -9999 -9999 -9999 -9999 -9999 -9999 -9999 -9999 -9999 -9999 -9999 -9999 -9999 -9999 -9999
0.7573541 0.7648671 0.7511861 0.5813653 0.5276259 0.6333589 0.598514 0.5904709 0.59561 0.6803119 0.7587991 0.7672218 0.8188744 0.8174302 0.6987593 0.6621288 0.7177313 0.7477171 0.7169467 0.6558291 0.6499739 0.652927 0.6340331 0.6209569 0.5485255 0.4895301 0.5002708 0.4854762 0.3789153 0.4608835 0.6133196 0.6513591 0.6587206 0.6947039 0.738903 0.7385585 0.7080761 0.6576592 0.6092019 0.5219707 0.3269057 0.1782834 0.08437818 -9999 -9999 -9999 -9999 -9999 -9999 -9999 -9999 -9999 -9999 -9999 -9999 -9999 -9999 -9999 -9999 -9999 -9999 -9999
0.6336097 0.6805783 0.6441548 0.4058059 0.4357509 0.68612 0.7489681 0.7591238 0.7625666 0.7999272 0.8153352 0.7803504 0.7657177 0.7082889 0.6205111 0.6298606 0.6774097 0.7082149 0.6851846 0.6420997 0.6432884 0.6470979 0.6280355 0.5841503 0.4583146 0.4084157 0.4238125 0.3759275 0.4331537 0.572903 0.652353 0.6961063 0.6951421 0.6949338 0.7105284 0.7248707 0.6945707 0.627755 0.5959987 0.4950584 0.2678634 0.1191507 0.07714859 -9999 -9999 -9999 -9999 -9999 -9999 -9999 -9999 -9999 -9999 -9999 -9999 -9999 -9999 -9999 -9999 -9999 -9999 -9999
0.7622554 0.7611666 0.7117658 0.5817288 0.5736255 0.735189 0.8004541 0.7838727 0.7567573 0.7579376 0.7525444 0.7279597 0.7087246 0.6466683 0.5969091 0.6190358 0.6534458 0.6731821 0.6616088 0.6266016 0.6146337 0.6263043 0.6242547 0.5825471 0.4296379 0.3624719 0.4136584 0.4445374 0.5031641 0.6058177 0.6876814 0.7335288 0.7488833 0.7326123 0.7384442 0.7531697 0.6935449 0.6177769 0.571919 0.452748 0.260291 0.09529921 -9999 -9999 -9999 -9999 -9999 -9999 -9999 -9999 -9999 -9999 -9999 -9999 -9999 -9999 -9999 -9999 -9999 -9999 -9999 -9999
0.7404016 0.7204632 0.7053427 0.6106028 0.5876768 0.7221991 0.7855697 0.7605771 0.724609 0.709777 0.6999403 0.6932102 0.6759078 0.6222876 0.6034726 0.6261114 0.6456532 0.6541303 0.6338107 0.5793676 0.5292872 0.557815 0.6386887 0.6800365 0.6298822 0.5377436 0.5233641 0.5801357 0.5494055 0.637778 0.7516268 0.7800058 0.806636 0.7800999 0.7449809 0.7256249 0.6273925 0.5517322 0.5246645 0.4143091 0.2541365 0.08449432 -9999 -9999 -9999 -9999 -9999 -9999 -9999 -9999 -9999 -9999 -9999 -9999 -9999 -9999 -9999 -9999 -9999 -9999 -9999 -9999
0.6932563 0.6978445 0.7153928 0.6422606 0.6469901 0.7660589 0.7855576 0.7388664 0.7146008 0.7034975 0.6807268 0.6690976 0.648562 0.6160081 0.6147035 0.618802 0.6130286 0.610359 0.5592398 0.4700921 0.4272798 0.4958056 0.625664 0.7041781 0.6941362 0.658039 0.6958854 0.6549694 0.6494296 0.7441407 0.8158886 0.7913604 0.7936153 0.7579216 0.647763 0.6064218 0.5299497 0.5000752 0.5451129 0.4429844 0.2364129 0.09341461 -9999 -9999 -9999 -9999 -9999 -9999 -9999 -9999 -9999 -9999 -9999 -9999 -9999 -9999 -9999 -9999 -9999 -9999 -9999 -9999
0.6496671 0.6767932 0.7083282 0.6657019 0.6928427 0.7649915 0.7625263 0.7466989 0.7228437 0.6845806 0.656376 0.6546285 0.6348913 0.6123394 0.6083935 0.582961 0.5568115 0.5136389 0.4526892 0.4381518 0.4685221 0.5237501 0.5803231 0.6163872 0.6295589 0.7907892 0.8389999 0.7056276 0.719568 0.7775806 0.7665154 0.7021729 0.6976393 0.6419051 0.5894841 0.6614214 0.6562427 0.6309212 0.6763605 0.5881944 0.2834029 -9999 -9999 -9999 -9999 -9999 -9999 -9999 -9999 -9999 -9999 -9999 -9999 -9999 -9999 -9999 -9999 -9999 -9999 -9999 -9999 -9999
0.6529919 0.6940832 0.716816 0.6849084 0.7081699 0.7314504 0.7161423 0.7193853 0.6836804 0.6416062 0.6292233 0.6401302 0.63564 0.6215436 0.6001863 0.5406533 0.4629249 0.3932934 0.4841969 0.5541465 0.564176 0.5817769 0.6020709 0.5868882 0.5949573 0.8159891 0.8796214 0.7620306 0.7542505 0.7910647 0.76947 0.7146257 0.649633 0.5990597 0.6703617 0.7251962 0.7136725 0.6992002 0.744135 0.6939334 0.3553221 -9999 -9999 -9999 -9999 -9999 -9999 -9999 -9999 -9999 -9999 -9999 -9999 -9999 -9999 -9999 -9999 -9999 -9999 -9999 -9999 -9999
