data/arenosa/zs.asc
ncols         435
nrows         456
xllcorner     891236.30040912
yllcorner     1168994.6457458
cellsize      10
NODATA_value  -9999
[rows 348 to 376 of 456, columns 325 to 389 of 435]
1.845192 2.022938 2.192716 2.152403 2.246488 2.328646 2.109666 2.014414 1.877012 1.664563 1.62678 2.014054 1.682072 1.990964 2.01857 2.085151 2.03575 2.357426 2.038591 1.966585 1.951971 1.850037 2.124697 2.01618 1.855067 1.847856 2.073508 2.179687 2.055345 1.994379 2.055342 2.096159 2.10655 2.089163 1.985423 1.797789 1.786288 1.919864 1.871253 1.890278 2.038908 1.985675 1.904215 1.862871 1.801699 1.750969 1.765241 1.781457 1.77145 1.797718 1.838518 1.85986 1.852808 1.744423 1.744024 1.903078 2.072966 2.168649 2.296589 -9999 -9999 -9999 -9999 -9999 -9999
1.89131 1.975618 2.097963 2.143034 2.238408 2.47163 2.294387 2.105022 1.933387 1.716513 1.61898 2.053781 1.71291 1.996487 1.999846 1.956687 1.887465 2.201218 1.973376 1.968537 1.979229 1.884709 1.939767 1.880143 1.772136 1.791294 1.92025 1.941274 1.868114 1.874249 1.932046 1.93908 1.921124 1.896144 1.908443 1.905222 1.80176 1.856742 1.864719 1.872819 1.986034 1.978285 1.875544 1.806628 1.79873 1.806831 1.833977 1.843546 1.828952 1.838796 1.854326 1.82219 1.768634 1.739382 1.774085 1.937702 2.105963 2.275542 2.493054 -9999 -9999 -9999 -9999 -9999 -9999
1.911016 1.95042 2.033658 2.122579 2.212496 2.39962 2.411943 2.1831 1.949305 1.769812 1.622534 2.064879 1.702571 1.937074 1.956888 1.891015 1.942575 2.162886 1.946139 1.979748 2.022192 2.080514 2.015529 1.920338 1.747697 1.821462 1.902643 1.900501 1.877414 1.876637 1.878442 1.872504 1.868154 1.87681 1.950544 1.999751 1.816294 1.787058 1.821683 1.840006 1.935928 1.925722 1.920051 1.865728 1.823243 1.815993 1.806283 1.825275 1.88968 1.962558 1.975063 1.87252 1.751818 1.747644 1.82695 1.918625 2.080595 2.222212 -9999 -9999 -9999 -9999 -9999 -9999 -9999
1.896845 1.912264 1.985225 2.091665 2.182393 2.306054 2.366553 2.223252 1.961334 1.77694 1.611442 1.986888 1.685684 1.897667 1.940486 1.907541 2.124841 2.16818 1.956509 1.990661 2.031901 2.296473 2.287175 2.098541 1.850839 1.924045 1.944327 1.905864 1.863363 1.788284 1.737001 1.745707 1.753837 1.741463 1.745402 1.706127 1.621349 1.66538 1.748739 1.779633 1.89749 1.92842 1.977422 2.046194 1.996742 1.918451 1.839756 1.86122 1.943102 1.941744 1.852353 1.790697 1.782213 1.815897 1.842813 1.893063 2.181824 2.419436 -9999 -9999 -9999 -9999 -9999 -9999 -9999
1.919229 1.856475 1.919261 2.072908 2.127354 2.193459 2.263072 2.213729 2.02176 1.820006 1.6446 1.875976 1.740526 1.891909 1.928375 1.954131 2.218294 2.127546 1.97099 1.994887 2.006167 2.298952 2.191267 2.087183 1.948316 1.946105 1.985963 1.919359 1.813337 1.679599 1.655648 1.675532 1.654078 1.610429 1.584531 1.527638 1.497187 1.577367 1.666601 1.71588 1.87063 1.972764 1.962822 2.011615 2.064142 2.029954 2.007651 2.074275 2.029114 1.955835 1.92674 1.883493 1.838826 1.862909 1.928957 2.138595 2.375327 -9999 -9999 -9999 -9999 -9999 -9999 -9999 -9999
1.992553 1.881111 1.922262 2.071971 2.083309 2.115823 2.31584 2.440843 2.271988 1.955038 1.789224 1.886208 1.855967 1.856328 1.932554 2.058776 2.275114 2.087878 1.98619 2.00584 1.978746 2.284878 2.088084 2.036844 1.964965 1.914132 1.916301 1.862924 1.806109 1.751907 1.809061 1.796702 1.702892 1.668972 1.682208 1.651573 1.637333 1.681353 1.71403 1.757352 1.859138 1.911465 1.877981 1.914786 2.050737 2.052883 2.076504 2.155378 2.109164 2.112358 2.166639 2.136003 2.087622 2.109067 2.27553 2.511141 -9999 -9999 -9999 -9999 -9999 -9999 -9999 -9999 -9999
1.998766 1.798563 1.868308 2.019863 2.044911 2.111472 2.251335 2.310605 2.372833 2.012457 1.862447 1.969417 1.770495 1.666986 1.768575 1.919709 2.012376 1.856175 1.712738 1.681433 1.718825 2.214411 2.23634 2.167028 2.005363 1.88707 1.823036 1.813728 1.835724 1.820231 1.836751 1.853248 1.806684 1.819796 1.882087 1.916922 1.946412 1.949408 1.955946 1.992308 2.021515 2.085004 2.154991 2.181018 2.270827 2.148819 2.069574 2.064963 2.004005 1.88171 1.842483 1.952855 2.045218 2.183291 2.503867 -9999 -9999 -9999 -9999 -9999 -9999 -9999 -9999 -9999 -9999
1.9707 1.770618 1.772673 1.798207 1.768198 1.842835 1.931562 1.961556 2.081381 1.980683 1.805797 1.968106 1.749686 1.645069 1.710634 1.787046 1.800565 1.724812 1.629452 1.578353 1.540002 1.92561 2.248052 1.96552 1.931826 1.897818 1.830938 1.854444 1.87282 1.844623 1.826697 1.849836 1.849476 1.884704 1.936598 1.973224 2.024443 2.023653 2.030899 2.074578 2.059267 2.094413 2.121052 2.110042 1.999614 1.8616 1.874897 1.927234 1.887377 1.770198 1.831823 1.970876 2.002437 2.216754 2.571918 -9999 -9999 -9999 -9999 -9999 -9999 -9999 -9999 -9999 -9999
1.851791 1.960935 1.748025 1.766004 1.795752 1.830202 1.823959 1.891734 2.054152 2.070646 1.868809 2.038563 1.951461 1.747439 1.902508 1.929914 1.888824 1.885524 1.836177 1.719233 1.568838 1.680942 2.00679 1.762798 1.928774 2.004336 1.875174 1.865858 1.905299 1.912687 1.882657 1.870986 1.871383 1.909629 1.932663 1.932663 1.937983 1.91643 1.905299 1.942899 1.912687 1.858861 1.788875 1.698575 1.614101 1.611033 1.750375 1.834539 1.840578 1.877586 2.107042 2.223071 2.281117 2.483099 2.583829 -9999 -9999 -9999 -9999 -9999 -9999 -9999 -9999 -9999 -9999
1.823428 2.026944 1.76295 1.605978 1.836177 1.945023 1.947396 2.023803 2.107042 2.107042 1.933814 1.947872 2.038563 1.656179 2.02125 2.238827 2.204837 2.109119 1.907675 1.694472 1.590267 1.628235 2.037386 1.817635 2.043002 2.082873 1.887377 1.882657 2.062787 2.041221 1.916209 1.893197 1.891734 1.96937 2.040628 2.024657 1.96937 1.89931 1.882453 1.908542 1.858861 1.830382 1.891734 1.846334 1.730132 1.756912 1.869401 1.829843 1.783554 1.854834 1.972388 2.104288 2.360598 2.542743 -9999 -9999 -9999 -9999 -9999 -9999 -9999 -9999 -9999 -9999 -9999
1.780204 1.781636 1.751113 1.550618 1.887377 2.07511 2.122871 2.245496 2.192407 2.065286 1.875976 1.719233 1.942899 1.663508 2.118592 2.33203 2.323748 2.224437 2.07511 1.812784 1.627702 1.602283 1.984674 1.843539 1.87678 1.899098 1.948826 2.031264 2.228103 2.115763 1.916209 1.902508 1.899098 1.947396 2.024657 2.02125 1.958242 1.907675 1.902508 1.879 1.830382 1.826979 1.893825 1.888204 1.797075 1.82449 1.856364 1.819032 1.838372 1.952423 2.014515 2.123947 2.533713 -9999 -9999 -9999 -9999 -9999 -9999 -9999 -9999 -9999 -9999 -9999 -9999
1.772651 1.651713 1.756912 1.761584 1.948588 2.062787 2.16305 2.295543 2.182804 2.092779 2.023518 1.776095 1.928774 1.796082 2.003521 2.038563 2.091112 2.135601 2.166213 2.078005 1.814683 1.676659 2.059065 1.781796 1.707312 1.780204 1.870391 1.937285 2.000277 2.062787 1.891734 1.840578 1.862539 1.862539 1.893825 1.946683 1.963152 1.928774 1.89236 1.85236 1.849524 1.849524 1.872178 1.819207 1.721416 1.761129 1.814856 1.884908 2.000277 2.149485 2.124306 2.390171 -9999 -9999 -9999 -9999 -9999 -9999 -9999 -9999 -9999 -9999 -9999 -9999 -9999
1.803252 1.727482 1.816069 2.121083 1.862734 1.925598 2.02125 1.996256 1.932663 2.026944 2.032714 1.872178 1.895505 1.875374 1.860019 2.033004 2.141549 2.144932 2.141923 2.208333 2.023803 1.850845 1.99786 1.663273 1.735769 1.830382 1.770165 1.627489 1.584077 1.655144 1.737191 1.761129 1.754374 1.756912 1.802076 1.873573 1.947872 1.911155 1.860987 1.842241 1.817635 1.811408 1.861568 1.80782 1.719233 1.791318 1.983119 2.188205 2.342336 2.409613 -9999 -9999 -9999 -9999 -9999 -9999 -9999 -9999 -9999 -9999 -9999 -9999 -9999 -9999 -9999
1.766158 1.789363 1.705207 1.82449 1.794597 1.80782 1.912906 1.879 1.872178 1.899098 1.797075 1.708501 1.716927 1.724161 1.833451 2.175845 2.25917 2.098156 2.038563 2.127192 1.998128 2.10326 1.820258 1.676659 1.814683 1.858669 1.830382 1.686771 1.611135 1.600301 1.682051 1.7892 1.686521 1.692564 1.751704 1.828946 1.929914 1.912906 1.878595 1.828946 1.749345 1.784838 1.850845 1.799234 1.777828 1.958242 2.224437 2.458124 2.6082 -9999 -9999 -9999 -9999 -9999 -9999 -9999 -9999 -9999 -9999 -9999 -9999 -9999 -9999 -9999 -9999
1.765239 1.880621 1.765239 1.748025 1.915767 1.823251 1.868809 1.860987 1.866446 1.832546 1.758865 1.685772 1.659767 1.652511 1.799234 2.080919 2.194524 2.060302 1.98157 2.002167 1.872178 2.31794 1.854834 1.826089 1.819207 1.842797 1.87678 1.82823 1.797075 1.814856 1.754374 1.750375 1.653882 1.638632 1.764169 1.858669 1.927183 1.912906 1.878393 1.795752 1.795752 1.960935 1.929914 1.820258 1.888204 2.096132 2.323748 2.482171 -9999 -9999 -9999 -9999 -9999 -9999 -9999 -9999 -9999 -9999 -9999 -9999 -9999 -9999 -9999 -9999 -9999
1.812267 1.971379 1.984674 1.967121 2.098834 1.902508 1.814856 1.822545 1.888204 1.920877 1.937983 1.875174 1.85944 1.880621 1.958242 2.032714 2.067485 2.003521 1.948588 1.937285 1.835449 2.298273 1.830202 1.817635 1.82449 1.825377 1.854834 1.845214 1.793118 1.808671 1.770165 1.724575 1.700125 1.67496 1.861568 1.89236 1.854834 1.820258 1.810208 1.796578 1.928774 2.082873 1.947872 1.894874 2.010084 2.238827 2.465058 -9999 -9999 -9999 -9999 -9999 -9999 -9999 -9999 -9999 -9999 -9999 -9999 -9999 -9999 -9999 -9999 -9999 -9999
1.812784 2.014515 2.095123 2.020402 1.904438 1.720186 1.751704 1.849524 2.019275 2.08027 2.095123 2.050201 2.024372 2.043002 2.065286 1.995723 1.965132 1.940317 1.877788 1.793118 1.771717 2.156795 1.891734 1.803252 1.908542 1.948588 1.875174 1.833451 1.780363 1.780363 1.811408 1.781477 1.780204 1.796578 1.87678 1.844468 1.777828 1.769082 1.799234 1.827336 1.909629 1.905299 1.812784 1.911155 2.224437 2.492537 -9999 -9999 -9999 -9999 -9999 -9999 -9999 -9999 -9999 -9999 -9999 -9999 -9999 -9999 -9999 -9999 -9999 -9999 -9999
1.7892 2.031264 2.075431 1.948588 1.696646 1.573295 1.730132 1.927183 2.02125 2.023518 2.089783 2.052021 1.971379 1.983378 2.050201 2.020402 1.96937 1.940317 1.875374 1.736906 1.667405 1.953629 1.780363 1.748025 1.973145 2.002437 1.937285 1.89236 1.812784 1.793118 1.845027 1.893825 1.811408 1.774056 1.827336 1.812267 1.781796 1.82449 1.849524 1.820258 1.802076 1.796082 1.838556 2.13597 2.505275 -9999 -9999 -9999 -9999 -9999 -9999 -9999 -9999 -9999 -9999 -9999 -9999 -9999 -9999 -9999 -9999 -9999 -9999 -9999 -9999
1.768928 1.943842 1.966872 1.907675 1.780999 1.7892 1.928774 1.998128 1.966125 1.948826 2.024657 1.994924 1.931745 1.957266 2.03768 2.045388 1.987541 1.940317 1.911155 1.845214 1.721416 1.909194 1.623462 1.676659 1.926956 1.946683 1.834721 1.856939 1.845027 1.82823 1.858669 1.893825 1.788875 1.680573 1.676051 1.769082 1.912249 1.942899 1.878595 1.82449 1.8068 1.865858 2.043597 2.383921 -9999 -9999 -9999 -9999 -9999 -9999 -9999 -9999 -9999 -9999 -9999 -9999 -9999 -9999 -9999 -9999 -9999 -9999 -9999 -9999 -9999
1.860987 1.96937 2.010084 1.966872 1.942899 1.930829 2.049295 2.07511 2.02125 1.947872 1.979255 1.988588 1.981312 1.966872 1.956293 1.954354 1.942899 1.922669 1.894874 1.878393 1.812267 2.031554 1.776095 1.828767 1.862734 1.845773 1.794597 1.802076 1.87678 1.877788 1.843539 1.797075 1.734776 1.679468 1.658954 1.789363 2.109119 1.949782 1.80782 1.845214 1.860019 1.937285 2.131559 2.409613 -9999 -9999 -9999 -9999 -9999 -9999 -9999 -9999 -9999 -9999 -9999 -9999 -9999 -9999 -9999 -9999 -9999 -9999 -9999 -9999 -9999
1.994924 2.052021 2.066541 2.010911 1.981054 1.909629 1.996256 2.037386 2.051717 2.000277 2.02125 2.071599 2.098834 2.062787 2.00679 1.960935 1.925598 1.888204 1.858669 1.808671 1.754374 1.940083 2.055375 1.782914 1.885524 1.870391 1.842241 1.822545 1.925146 1.905299 1.822545 1.748025 1.707972 1.721416 1.766158 1.854834 1.918426 1.828946 1.703375 1.860019 1.930829 2.038563 2.245016 2.427865 -9999 -9999 -9999 -9999 -9999 -9999 -9999 -9999 -9999 -9999 -9999 -9999 -9999 -9999 -9999 -9999 -9999 -9999 -9999 -9999 -9999
2.054152 2.065286 2.038563 2.00488 2.00679 1.940317 1.987541 2.031554 2.070646 2.10326 1.987541 2.043002 2.113303 2.093782 2.040925 1.978231 1.920877 1.846334 1.796082 1.742932 1.639071 1.593645 1.880824 1.684901 1.713964 1.77032 1.688776 1.766158 1.964884 1.91643 1.788875 1.723061 1.702072 1.708368 1.742354 1.838556 1.748025 1.638961 1.666456 1.895505 2.023518 2.144932 2.360598 2.514436 -9999 -9999 -9999 -9999 -9999 -9999 -9999 -9999 -9999 -9999 -9999 -9999 -9999 -9999 -9999 -9999 -9999 -9999 -9999 -9999 -9999
2.127555 2.109814 2.050201 2.00488 2.031264 1.99148 1.994924 2.075431 2.095123 2.051717 1.811408 1.890485 2.075431 2.124306 2.064973 1.973145 1.875976 1.790502 1.742932 1.724299 1.638193 1.485137 1.467183 1.567935 1.50926 1.599019 1.558597 1.666456 1.840394 1.827336 1.697931 1.668832 1.621885 1.603776 1.709163 1.843539 1.760524 1.661399 1.761584 1.965132 2.100531 2.323164 2.571918 -9999 -9999 -9999 -9999 -9999 -9999 -9999 -9999 -9999 -9999 -9999 -9999 -9999 -9999 -9999 -9999 -9999 -9999 -9999 -9999 -9999 -9999
2.098834 2.109119 2.087137 2.023803 2.010911 2.026944 2.019275 2.085821 2.052021 1.920877 1.708368 1.879 2.107042 2.154087 2.103603 2.02125 1.898886 1.76295 1.704159 1.701033 1.69409 1.643942 1.539234 1.593548 1.491901 1.532502 1.639622 1.713695 1.719777 1.630914 1.600301 1.615232 1.517321 1.545511 1.713695 1.829843 1.832546 1.860406 1.981054 2.056909 2.135601 2.409613 2.630643 -9999 -9999 -9999 -9999 -9999 -9999 -9999 -9999 -9999 -9999 -9999 -9999 -9999 -9999 -9999 -9999 -9999 -9999 -9999 -9999 -9999 -9999
2.081895 2.08027 2.070646 1.988588 1.938216 1.96912 2.043597 2.121797 2.081895 1.920877 1.812784 2.052021 2.1686 2.138564 2.122871 2.07511 2.007885 1.885524 1.790665 1.769237 1.754374 1.746855 1.691803 1.688399 1.567485 1.554671 1.774683 1.787417 1.756912 1.663273 1.666338 1.654226 1.529426 1.620106 1.85236 1.972388 1.981312 2.00597 2.050201 2.041221 2.085492 2.213631 -9999 -9999 -9999 -9999 -9999 -9999 -9999 -9999 -9999 -9999 -9999 -9999 -9999 -9999 -9999 -9999 -9999 -9999 -9999 -9999 -9999 -9999 -9999
2.179106 2.149485 2.014515 1.866446 1.840394 1.869797 1.984674 2.089783 2.082873 1.96937 1.9306 2.091445 2.179515 2.200078 2.215413 2.1686 2.138564 2.075431 1.973145 1.948588 1.893825 1.813473 1.777671 1.769701 1.647076 1.589403 1.788875 1.828946 1.821136 1.759467 1.769082 1.812267 1.714769 1.76295 2.076716 2.199219 2.064035 1.981054 1.956293 1.940317 2.08027 2.412588 -9999 -9999 -9999 -9999 -9999 -9999 -9999 -9999 -9999 -9999 -9999 -9999 -9999 -9999 -9999 -9999 -9999 -9999 -9999 -9999 -9999 -9999 -9999
2.258178 2.208772 2.019838 1.858861 1.893197 1.971379 2.011188 2.023803 2.026944 1.973145 1.925146 2.033004 2.166213 2.213631 2.246939 2.246939 2.200078 2.132657 2.05814 2.031554 1.997325 1.929914 1.869797 1.777671 1.605376 1.60139 1.780999 1.866446 1.84802 1.799734 1.769082 1.854834 1.890485 1.840394 2.032714 2.139308 2.002167 1.893825 1.869401 2.019838 2.215413 -9999 -9999 -9999 -9999 -9999 -9999 -9999 -9999 -9999 -9999 -9999 -9999 -9999 -9999 -9999 -9999 -9999 -9999 -9999 -9999 -9999 -9999 -9999 -9999
2.275387 2.216754 2.061853 2.004336 2.182804 2.246939 2.132657 1.964884 1.91643 1.904008 1.919761 2.056909 2.154087 2.152547 2.138564 2.138564 2.122871 2.093782 2.054152 2.035044 2.007885 1.928774 1.811408 1.693453 1.62262 1.70639 1.858861 1.940083 1.904438 1.825377 1.742354 1.73819 1.706521 1.703767 1.796578 1.842241 1.808671 1.925598 2.168201 2.370411 -9999 -9999 -9999 -9999 -9999 -9999 -9999 -9999 -9999 -9999 -9999 -9999 -9999 -9999 -9999 -9999 -9999 -9999 -9999 -9999 -9999 -9999 -9999 -9999 -9999
2.237412 2.321414 2.206145 2.203534 2.416343 2.395108 2.135601 1.955322 1.932434 1.978231 2.013681 2.026944 1.96937 1.943606 1.995723 2.038563 2.065286 2.066541 2.031554 2.022666 1.974158 1.855407 1.781477 1.735485 1.73819 1.814856 1.893825 1.920877 1.885524 1.771096 1.682051 1.683411 1.59961 1.513535 1.571833 1.697931 1.929914 2.47036 2.803668 2.670428 -9999 -9999 -9999 -9999 -9999 -9999 -9999 -9999 -9999 -9999 -9999 -9999 -9999 -9999 -9999 -9999 -9999 -9999 -9999 -9999 -9999 -9999 -9999 -9999 -9999
