data/arenosa/zs.asc
ncols         435
nrows         456
xllcorner     891236.30040912
yllcorner     1168994.6457458
cellsize      10
NODATA_value  -9999
[rows 116 to 144 of 456, columns 260 to 324 of 435]
2.327491 2.290232 2.181307 2.072205 2.219512 2.543186 2.324836 2.526777 2.388701 2.225734 1.967758 1.820074 1.934495 2.000525 2.201003 2.555752 2.620771 2.591798 2.555673 2.384185 2.068513 1.893829 1.905643 1.926316 1.82708 1.814059 2.015504 2.394772 2.445536 2.334736 2.301541 2.316336 2.339516 2.194967 2.00318 1.963631 2.04012 2.140683 2.180223 2.209002 2.146074 2.028932 2.028967 2.182009 2.356647 2.553905 -9999 -9999 -9999 -9999 -9999 -9999 -9999 -9999 -9999 -9999 -9999 -9999 -9999 -9999 -9999 -9999 -9999 -9999 -9999
2.483803 2.447834 2.343143 2.141018 2.165562 2.407722 2.41534 2.433802 2.572208 2.288245 2.130108 1.969494 1.992029 2.027049 2.241542 2.477993 2.451093 2.459222 2.511553 2.644053 2.435949 1.979431 1.918661 1.887599 1.896139 2.133552 2.427982 2.278993 2.162177 2.233982 2.271451 2.372679 2.381948 2.150664 2.022124 2.031384 2.136877 2.261513 2.282503 2.255003 2.18259 2.088687 2.169974 2.386244 2.479816 2.531533 2.698308 -9999 -9999 -9999 -9999 -9999 -9999 -9999 -9999 -9999 -9999 -9999 -9999 -9999 -9999 -9999 -9999 -9999 -9999
2.632116 2.709736 2.553657 2.320328 2.185049 2.166527 2.214448 2.417252 2.646716 2.255897 2.150771 2.031755 2.039649 2.074176 2.328072 2.57971 2.600701 2.637807 2.669883 2.621498 2.733804 2.355632 2.334243 2.490036 2.612791 2.360587 2.19888 2.165854 2.193695 2.397462 2.434999 2.561148 2.515556 2.223015 2.179662 2.167144 2.208647 2.312492 2.317369 2.280935 2.240434 2.166164 2.220813 2.373536 2.425428 2.427897 2.609534 -9999 -9999 -9999 -9999 -9999 -9999 -9999 -9999 -9999 -9999 -9999 -9999 -9999 -9999 -9999 -9999 -9999 -9999
2.56096 2.809121 2.654512 2.494984 2.374197 2.277786 2.280009 2.419713 2.512559 2.159694 2.13733 2.093317 2.054966 2.124892 2.403584 2.67405 2.737967 2.530164 2.42921 2.434516 2.629794 2.4442 2.32009 2.383349 2.197476 2.032429 2.07378 2.169328 2.259879 2.433888 2.441351 2.455718 2.499661 2.293041 2.206069 2.281103 2.230771 2.228102 2.284286 2.274691 2.294932 2.256596 2.222691 2.277139 2.336991 2.350504 2.555197 -9999 -9999 -9999 -9999 -9999 -9999 -9999 -9999 -9999 -9999 -9999 -9999 -9999 -9999 -9999 -9999 -9999 -9999
2.496875 2.620132 2.5344 2.413591 2.473949 2.479749 2.393187 2.325747 2.280653 2.065128 2.1151 2.151496 2.066652 2.197009 2.392881 2.53704 2.571841 2.228343 2.300911 2.252044 2.50602 2.469007 2.284312 2.472906 2.291306 2.192075 2.279741 2.34245 2.311519 2.32302 2.266943 2.258343 2.341354 2.280132 2.166632 2.447626 2.398511 2.163782 2.189418 2.213807 2.295058 2.282148 2.181552 2.147186 2.257476 2.338659 2.532891 2.780655 -9999 -9999 -9999 -9999 -9999 -9999 -9999 -9999 -9999 -9999 -9999 -9999 -9999 -9999 -9999 -9999 -9999
2.365096 2.318123 2.316367 2.269092 2.31035 2.275739 2.229167 2.195477 2.091822 1.996661 2.053006 2.152953 2.163872 2.258845 2.221097 2.211682 2.150641 1.984175 2.238952 2.119819 2.278135 2.600074 2.349098 2.407583 2.270882 2.219409 2.22489 2.267326 2.303776 2.373841 2.402578 2.384491 2.43706 2.367423 2.313173 2.488006 2.462119 2.386971 2.262606 2.193353 2.361367 2.383128 2.223638 2.108903 2.18528 2.311849 2.453264 2.704485 -9999 -9999 -9999 -9999 -9999 -9999 -9999 -9999 -9999 -9999 -9999 -9999 -9999 -9999 -9999 -9999 -9999
2.208425 2.1379 2.371744 2.275284 2.1343 2.112363 2.198036 2.10108 1.925196 1.941156 2.009546 2.139881 2.287531 2.143463 1.995101 1.932023 1.835806 1.820351 1.978235 1.944668 2.069815 2.502665 2.578435 2.442696 2.315191 2.204943 2.123254 2.087832 2.020239 1.987528 2.006069 2.037305 2.197842 2.323335 2.338579 2.306591 2.28257 2.458097 2.515799 2.248775 2.299424 2.300866 2.232854 2.191509 2.168866 2.242067 2.353752 2.61646 -9999 -9999 -9999 -9999 -9999 -9999 -9999 -9999 -9999 -9999 -9999 -9999 -9999 -9999 -9999 -9999 -9999
2.126562 2.002245 2.303728 2.524364 2.376769 2.312135 2.291592 2.056079 1.757014 1.861597 2.04305 2.116304 2.119092 1.970912 1.872028 1.778824 1.737946 1.872081 1.94793 1.843563 1.900037 2.129457 2.408103 2.630181 2.551022 2.434888 2.399256 2.340932 2.35428 2.382439 2.294117 2.071234 1.918891 2.001908 2.215203 2.173484 2.050867 2.436751 2.610064 2.487505 2.425604 2.255779 2.228804 2.263083 2.138141 2.170844 2.247485 2.483266 -9999 -9999 -9999 -9999 -9999 -9999 -9999 -9999 -9999 -9999 -9999 -9999 -9999 -9999 -9999 -9999 -9999
2.102094 1.988513 2.198112 2.505304 2.611758 2.505522 2.431042 2.142219 1.657668 1.787619 2.052562 2.00731 1.959247 1.913435 1.831595 1.743734 1.783433 1.965046 1.992834 1.832053 1.845129 2.001182 2.084778 2.273443 2.374141 2.244545 2.255779 2.06102 1.997702 2.033742 2.182758 2.556879 2.454563 2.038471 2.129137 2.161184 2.065328 2.231869 2.451956 2.379792 2.306635 2.203766 2.19346 2.34314 2.257304 2.195845 2.215096 2.392717 2.711671 -9999 -9999 -9999 -9999 -9999 -9999 -9999 -9999 -9999 -9999 -9999 -9999 -9999 -9999 -9999 -9999
2.053424 1.983313 2.198357 2.409187 2.49014 2.468705 2.488444 2.302209 1.705165 1.767219 1.991945 1.984074 1.953337 1.903063 1.841045 1.838898 1.903762 1.960284 1.965185 1.871735 1.966718 2.176148 2.163865 2.190885 2.319282 2.085986 2.068032 2.000645 2.061296 2.109777 2.117312 2.051263 2.327253 2.345143 2.058584 2.072214 2.046483 2.163188 2.270087 2.345554 2.39825 2.242383 2.151514 2.253098 2.21652 2.124921 2.080206 2.209108 2.481592 -9999 -9999 -9999 -9999 -9999 -9999 -9999 -9999 -9999 -9999 -9999 -9999 -9999 -9999 -9999 -9999
1.933135 1.95385 2.21145 2.371786 2.458391 2.492329 2.531672 2.394382 1.856708 1.829563 2.033461 2.086753 1.999031 1.889497 1.890591 1.94297 1.941884 1.921959 1.834236 1.777884 1.987354 2.080434 2.059301 2.089289 2.403254 2.001884 2.086034 2.127702 2.07902 2.068018 2.182492 2.122032 2.032008 2.465379 2.266794 1.991584 2.006563 2.141695 2.160001 2.200946 2.346694 2.286656 2.229951 2.309645 2.286489 2.147165 2.039394 2.222064 2.496841 -9999 -9999 -9999 -9999 -9999 -9999 -9999 -9999 -9999 -9999 -9999 -9999 -9999 -9999 -9999 -9999
1.904809 2.06292 2.403332 2.525548 2.509481 2.559932 2.634895 2.563008 2.04574 1.948446 2.112527 2.064642 1.946168 1.892036 1.952244 1.980268 1.954031 1.930539 1.727292 1.717241 1.904416 1.897865 1.929615 1.96134 2.372818 1.876708 1.979523 1.990873 1.971834 2.069909 2.207164 2.084325 1.857322 1.8802 2.403922 2.144139 1.973636 2.139202 2.136208 2.167994 2.273389 2.294035 2.261805 2.200634 2.204556 2.210262 2.132855 2.328924 2.659557 -9999 -9999 -9999 -9999 -9999 -9999 -9999 -9999 -9999 -9999 -9999 -9999 -9999 -9999 -9999 -9999
2.236146 2.258918 2.425809 2.459445 2.413444 2.469687 2.570496 2.751873 2.328921 2.157885 2.162985 2.044767 1.94613 1.937902 1.955742 1.947433 2.032856 2.076712 1.760708 1.819583 1.911683 1.907928 1.857977 1.899146 2.315045 1.82136 1.921106 2.0292 2.042382 2.091193 2.105183 2.048222 1.872488 1.669488 1.727316 2.355254 2.104026 2.007544 2.081006 2.160168 2.24984 2.268138 2.237788 2.141072 2.143307 2.174299 2.065513 2.12405 2.528269 2.803875 -9999 -9999 -9999 -9999 -9999 -9999 -9999 -9999 -9999 -9999 -9999 -9999 -9999 -9999 -9999
2.013936 2.025825 2.195368 2.333672 2.34965 2.360013 2.459227 2.61415 2.575326 2.50758 2.262701 2.056782 1.983122 2.001592 2.016915 2.054423 2.14567 2.088025 1.881181 1.995042 2.016223 1.900537 1.78662 1.898364 2.336885 1.804364 1.942844 2.154433 2.191548 2.160333 2.162303 2.213332 2.128726 1.889865 1.672716 1.893984 2.622192 1.987669 1.975921 2.094677 2.184854 2.200261 2.183129 2.110825 2.117204 2.131397 1.990929 1.965532 2.32356 2.660168 -9999 -9999 -9999 -9999 -9999 -9999 -9999 -9999 -9999 -9999 -9999 -9999 -9999 -9999 -9999
2.165455 2.128273 2.213465 2.329749 2.408236 2.376395 2.450791 2.622579 2.673814 2.748729 2.500848 2.285276 2.212541 2.223398 2.322606 2.402456 2.207934 1.986753 1.937515 2.047844 2.059478 1.852042 1.699582 1.924188 2.336204 1.815522 1.997345 2.164059 2.238564 2.356338 2.406642 2.343016 2.251116 2.205932 1.858476 1.705282 2.226291 2.326763 1.988379 2.046641 2.1387 2.20152 2.215378 2.170422 2.206019 2.260301 2.037668 1.932725 2.201734 2.498011 2.650393 -9999 -9999 -9999 -9999 -9999 -9999 -9999 -9999 -9999 -9999 -9999 -9999 -9999 -9999
2.101447 2.033228 2.030275 2.121089 2.210888 2.200194 2.250319 2.396432 2.590196 2.628357 2.471071 2.317596 2.306272 2.445792 2.620286 2.805321 2.473112 2.090194 1.985549 2.111842 2.158472 1.804285 1.62383 2.025918 2.254181 1.847333 2.041293 2.175141 2.261467 2.3736 2.322326 2.116138 2.19087 2.255237 2.003198 1.726945 1.844498 2.514686 2.229253 2.092964 2.182189 2.217692 2.274375 2.308993 2.341876 2.317587 2.093541 1.987339 2.201441 2.372149 2.444744 -9999 -9999 -9999 -9999 -9999 -9999 -9999 -9999 -9999 -9999 -9999 -9999 -9999 -9999
2.027158 1.992054 1.885224 1.79055 1.757978 1.745988 1.74822 1.825939 2.01615 2.264896 2.406091 2.35164 2.221565 2.211483 2.336161 2.484963 2.663305 2.495607 2.181417 2.250925 2.261469 1.735246 1.611511 2.104779 2.169207 1.886319 2.069689 2.16823 2.215798 2.185549 2.079933 2.050117 2.351384 2.407065 2.21797 1.906158 1.802191 2.08259 2.509085 2.132378 2.170514 2.144246 2.230258 2.448653 2.448942 2.267916 2.062305 2.012286 2.196899 2.326861 2.387344 2.446386 -9999 -9999 -9999 -9999 -9999 -9999 -9999 -9999 -9999 -9999 -9999 -9999 -9999
1.992961 1.937349 1.851449 1.75851 1.687849 1.641161 1.608581 1.605505 1.636646 1.717521 1.921565 2.172259 2.258071 2.237927 2.260281 2.389534 2.517453 2.760225 2.393835 2.313035 2.157793 1.751919 1.683747 2.038869 2.202294 1.945918 2.162551 2.240694 2.176255 2.071435 2.103527 2.240429 2.468114 2.407441 2.300612 2.089838 1.895796 1.890445 2.249899 2.422451 2.148783 2.04788 2.096146 2.399142 2.502129 2.306524 2.039619 1.999826 2.175011 2.348476 2.436904 2.432116 2.685635 -9999 -9999 -9999 -9999 -9999 -9999 -9999 -9999 -9999 -9999 -9999 -9999
2.439434 2.400624 2.415348 2.484812 2.464038 2.479472 2.443122 2.240625 1.949801 1.708318 1.711535 1.922713 2.094475 2.193846 2.259359 2.349779 2.358565 2.577629 2.490459 2.376701 2.127028 1.831913 1.828181 1.992581 2.459432 2.086641 2.210611 2.239261 2.114322 2.137383 2.459569 2.551664 2.60963 2.468756 2.3358 2.248711 2.028822 1.900614 1.991365 2.502653 2.40399 2.025841 1.885639 2.052894 2.34975 2.348687 2.118111 2.047471 2.129185 2.285624 2.416715 2.479116 2.631798 2.715106 -9999 -9999 -9999 -9999 -9999 -9999 -9999 -9999 -9999 -9999 -9999
2.106901 2.07779 2.02366 1.991499 1.95219 1.971105 2.06937 2.27277 2.654036 2.266182 1.802922 1.888915 2.095854 2.212217 2.191237 2.137162 2.175366 2.446146 2.408359 2.33121 2.16428 1.908429 1.850165 1.787169 1.930191 2.306041 2.206343 2.125287 2.174097 2.2529 2.337452 2.401337 2.5189 2.65133 2.532991 2.499808 2.313948 2.088394 2.055984 2.231719 2.747737 2.463858 2.177755 1.945471 2.046342 2.168183 2.097755 2.068782 2.099638 2.187861 2.381994 2.560501 2.532131 2.65082 2.770115 -9999 -9999 -9999 -9999 -9999 -9999 -9999 -9999 -9999 -9999
2.109702 2.045404 2.030722 2.01591 1.975622 2.022205 2.111716 2.094714 1.981628 2.270416 2.221594 1.876204 2.104527 2.209486 2.024496 1.937986 2.080914 2.362438 2.275213 2.192946 2.156343 2.014482 1.827393 1.659444 1.604738 1.819075 2.30347 2.104885 2.264652 2.543233 2.380316 2.226677 2.235539 2.382717 2.608294 2.75803 2.463584 2.153425 2.047123 2.129796 2.580492 2.444743 2.692253 2.381677 2.071669 2.020207 1.977303 1.970793 2.076383 2.238142 2.496331 2.594187 2.45544 2.516295 2.420625 2.454711 -9999 -9999 -9999 -9999 -9999 -9999 -9999 -9999 -9999
2.275087 2.218287 2.223511 2.152123 2.069925 2.024149 1.896727 1.851228 1.867564 1.819295 2.421927 2.017529 1.931343 2.136249 1.938592 1.835923 2.03261 2.332692 2.25962 2.10779 2.107292 2.127647 1.952323 1.78313 1.727295 1.797844 2.254255 2.259524 2.20069 2.695299 2.778009 2.526179 2.336444 2.305897 2.375553 2.582869 2.653355 2.209725 1.95356 2.046662 2.697796 2.402562 2.440313 2.548279 2.583016 2.279373 2.136101 2.018444 2.090382 2.264635 2.432094 2.461531 2.398486 2.357232 2.146073 2.108345 -9999 -9999 -9999 -9999 -9999 -9999 -9999 -9999 -9999
2.177562 2.217983 2.242047 2.139456 2.045329 1.987528 1.845452 1.792399 1.824449 1.78376 1.953408 2.471514 1.791725 2.009614 1.940534 1.837282 1.946576 2.251611 2.339528 2.041878 1.93454 1.987982 1.99416 2.044921 1.850046 1.846623 2.362305 2.212428 1.999843 2.307282 2.327741 2.492879 2.721274 2.676657 2.399387 2.340322 2.555919 2.442306 1.888035 1.941579 2.683913 2.309482 2.485744 2.309698 2.394851 2.521732 2.188617 1.969835 2.087849 2.280392 2.343354 2.411489 2.402865 2.298198 2.151459 2.280297 2.653943 -9999 -9999 -9999 -9999 -9999 -9999 -9999 -9999
2.137385 2.220867 2.248567 2.116714 1.962705 1.914198 1.921875 1.981065 1.836733 1.742852 1.793143 2.645996 1.8261 1.871624 1.964111 1.930722 1.8815 2.090162 2.514669 2.291471 1.95006 1.877896 2.025625 2.203809 1.748369 1.73869 2.588019 2.022142 1.987289 2.378794 2.310347 2.296263 2.312108 2.450334 2.664102 2.452917 2.380366 2.761837 1.985966 1.841894 2.517101 2.220427 2.413593 2.394216 2.331877 2.420021 2.042974 2.039821 2.261301 2.349312 2.310865 2.402392 2.439854 2.329654 2.189745 2.24522 2.516456 -9999 -9999 -9999 -9999 -9999 -9999 -9999 -9999
2.110604 2.140013 2.150035 2.043264 1.896958 1.91424 2.051853 2.255199 1.949809 1.666721 1.741984 2.539613 1.99416 1.841968 1.932101 1.940327 1.89185 2.072288 2.302137 2.494441 2.390434 2.10837 2.07418 2.039969 1.698614 1.682329 2.533708 1.942894 2.132052 2.625676 2.521184 2.426414 2.305962 2.243855 2.354979 2.530615 2.49703 2.688188 2.229248 1.844873 2.42159 2.139776 2.33142 2.417813 2.311888 2.40747 2.142516 2.257054 2.325948 2.340486 2.285629 2.40063 2.455703 2.427835 2.316085 2.185833 2.364968 2.630064 -9999 -9999 -9999 -9999 -9999 -9999 -9999
1.969187 2.007664 2.051941 2.047101 1.990118 2.02374 2.261021 2.484062 1.977735 1.637566 1.736994 2.436818 2.115583 1.894653 1.950488 1.89815 1.928983 2.187699 2.294539 2.253002 2.385968 2.608858 2.17378 1.926494 1.760469 1.709867 2.426049 2.004345 2.239869 2.682312 2.610958 2.533473 2.429132 2.335252 2.367092 2.447251 2.523709 2.547686 2.353432 1.925597 2.43547 2.210799 2.407005 2.455772 2.282018 2.474807 2.224819 2.21218 2.173568 2.169736 2.200739 2.316942 2.334226 2.379113 2.412514 2.25753 2.252572 2.600828 -9999 -9999 -9999 -9999 -9999 -9999 -9999
1.827517 1.914315 2.007868 2.050308 2.086375 2.082677 2.35211 2.565392 1.947656 1.662505 1.781637 2.371909 2.078359 1.888933 2.024376 1.953921 1.969871 2.25164 2.330367 2.166526 2.264685 2.669717 2.260111 1.848832 1.801922 1.859556 2.604524 2.127002 2.289931 2.664036 2.685345 2.64943 2.597198 2.47251 2.455979 2.41678 2.402648 2.479894 2.350643 2.044086 2.349716 2.375118 2.389123 2.503914 2.329744 2.462382 2.227333 2.165438 2.215976 2.183635 2.210659 2.288243 2.283778 2.303766 2.271752 2.188596 2.221794 2.391761 -9999 -9999 -9999 -9999 -9999 -9999 -9999
2.019552 2.093642 2.097008 2.085747 2.095232 2.095703 2.401518 2.477019 1.948787 1.740389 1.815422 2.358289 2.068566 1.940008 2.196396 2.125527 1.981671 2.198753 2.301955 2.104612 2.223961 2.646854 2.233393 1.7638 1.771209 1.977825 2.801714 2.1843 2.324836 2.638887 2.706902 2.638266 2.617005 2.521357 2.547623 2.576973 2.470853 2.446056 2.290465 2.1194 2.225049 2.322017 2.348433 2.491889 2.37692 2.332803 2.304624 2.207166 2.228847 2.161568 2.261143 2.357666 2.239544 2.232115 2.321727 2.313649 2.286474 2.286561 2.553609 -9999 -9999 -9999 -9999 -9999 -9999
2.394528 2.394385 2.238595 2.210945 2.206161 2.201732 2.53959 2.302739 2.010074 1.881032 1.860864 2.351186 2.214614 2.022349 2.292631 2.318444 2.029526 2.087964 2.253151 2.096667 2.154797 2.548475 2.20815 1.708725 1.740625 2.072659 2.621076 2.221175 2.394055 2.629453 2.685632 2.616429 2.638064 2.568795 2.552629 2.601703 2.503886 2.503788 2.322045 2.139261 2.099579 2.056806 2.216749 2.478508 2.507076 2.342987 2.355627 2.333419 2.189078 2.103851 2.26207 2.382526 2.237434 2.313472 2.488886 2.427001 2.338317 2.309267 2.360454 -9999 -9999 -9999 -9999 -9999 -9999
