data/arenosa/zs.asc
ncols         435
nrows         456
xllcorner     891236.30040912
yllcorner     1168994.6457458
cellsize      10
NODATA_value  -9999
[rows 145 to 173 of 456, columns 130 to 194 of 435]
2.291258 2.326475 2.269437 2.277644 2.230552 2.177466 2.177535 2.134289 2.149673 2.229267 2.362064 2.350043 2.164235 2.093891 2.028747 1.99868 2.09506 2.177136 2.229009 2.343288 2.406248 2.273042 2.258442 2.587264 2.177849 2.319341 2.311702 2.41449 2.372246 2.352313 2.296443 2.215053 2.279712 2.369564 2.234844 2.145549 2.269815 2.197093 2.054339 2.173143 2.48975 2.51274 2.432048 2.424132 2.33826 2.31786 2.404238 2.317425 2.124318 2.000899 1.858873 1.854887 2.245257 2.424767 1.981134 1.736904 2.299053 1.982735 1.933386 1.914851 1.969017 2.059793 2.117937 2.078533 2.02699
2.434091 2.506348 2.445919 2.4758 2.385124 2.347526 2.321214 2.146276 2.189448 2.270286 2.235636 2.142231 2.046446 1.978902 1.990787 2.09188 2.136046 2.138459 2.191174 2.260881 2.248309 2.226674 2.60943 2.359113 2.190712 2.164808 2.146684 2.264504 2.282533 2.349784 2.511455 2.437416 2.441273 2.495541 2.16591 2.051805 2.233563 2.151713 2.050208 2.249801 2.305772 2.207236 2.198535 2.247821 2.20463 2.203324 2.294773 2.233973 2.097649 2.002013 1.973207 1.920953 2.195263 2.360354 1.982615 1.744001 2.381389 1.840384 1.793742 1.879962 2.066415 2.277685 2.258683 2.175889 2.038852
2.442195 2.427915 2.448359 2.407493 2.250675 2.239154 2.223284 2.116235 2.176474 2.195821 2.107546 2.101156 2.08343 2.026588 2.017465 2.466503 2.58203 2.451329 2.553665 2.550774 2.507208 2.643616 2.493402 2.181629 1.972919 1.855301 1.9445 2.085228 2.166919 2.221177 2.467179 2.403555 2.411597 2.549945 2.141018 1.969385 2.128203 2.071273 2.18908 2.463763 2.223756 2.16016 2.179065 2.319897 2.311866 2.329189 2.42174 2.347373 2.166465 1.998471 2.009586 1.857623 2.075306 2.181012 1.900228 1.804296 2.507267 1.876386 1.779956 2.046539 2.226108 2.271456 2.143219 2.089883 2.020204
2.417034 2.351372 2.30037 2.171455 2.100246 2.157554 2.18148 2.127381 2.168089 2.146966 2.094078 2.121641 2.123175 2.061853 2.031717 2.710436 2.088416 2.003703 2.019963 2.251919 2.615843 2.43359 2.229178 2.00496 1.820545 1.850032 2.005585 2.048559 2.073825 2.04829 2.16692 2.312302 2.476068 2.59082 2.142681 1.887417 1.985232 2.047589 2.461578 2.293146 2.139971 2.097343 2.079111 2.199306 2.218122 2.325836 2.605466 2.665441 2.193058 1.956974 1.954316 1.767448 2.092649 2.040108 1.787234 1.881623 2.500578 2.046038 1.714869 2.071459 2.346977 2.265857 2.147674 2.008933 1.963107
2.31238 2.236139 2.113972 2.011043 2.05752 2.154339 2.15049 2.117111 2.169859 2.127124 2.107033 2.142558 2.138723 2.042281 2.122864 2.369952 2.101882 2.517471 2.031653 2.161109 2.538253 2.341193 2.144654 1.965347 1.925805 2.027204 2.14425 2.189974 2.142581 2.013618 2.04188 2.238467 2.528409 2.655695 2.010657 1.819109 1.939823 2.226666 2.36186 1.919822 1.961094 1.954466 1.89946 1.940783 1.989266 2.072547 2.287785 2.627622 2.099269 1.859663 1.81652 1.743559 2.32123 1.966308 1.790179 1.930579 2.428407 2.251946 1.736124 1.864291 2.518182 2.371163 2.469714 2.313138 2.113489
2.12068 2.10771 1.979538 1.959942 2.113758 2.192325 2.144427 2.103948 2.146793 2.149305 2.15364 2.177072 2.164281 2.0682 2.341868 2.201277 2.166154 2.590808 2.048178 2.308206 2.425632 2.233243 2.062674 2.051322 2.095396 2.07645 2.114627 2.245006 2.227639 2.059448 2.048392 2.154341 2.424847 2.212188 1.876215 1.941626 2.125923 2.423579 1.929321 1.846382 2.020057 1.99045 1.888949 1.802536 1.809321 1.880626 1.984127 2.10595 1.86834 1.782646 1.73936 1.765376 2.544318 1.948118 1.888498 1.981147 2.469503 2.386156 1.811 1.746094 2.565064 2.311745 2.398514 2.31037 2.133197
1.997094 1.968783 1.876195 1.962108 2.101134 2.117954 2.06758 2.052516 2.146313 2.205022 2.214087 2.255293 2.179422 2.091282 2.665913 2.106755 2.303595 2.515395 2.071983 2.551183 2.287817 2.153918 2.053071 2.15954 2.19393 2.053903 2.107685 2.218254 2.267054 2.203065 2.162785 2.16406 2.150654 1.992779 2.028209 2.180359 2.350761 2.013782 1.822282 1.9752 2.111293 2.03392 1.944721 1.784783 1.675303 1.702612 1.842162 2.02164 1.888569 1.899251 1.752953 1.805491 2.389736 1.957655 1.924159 1.987913 2.621383 2.399577 1.833387 1.690701 2.358501 2.199948 2.156085 2.105297 2.035252
2.003389 1.919887 1.90054 2.012143 2.061728 2.059234 2.05923 2.107935 2.214015 2.245569 2.277266 2.342395 2.146778 2.137017 2.574792 2.01066 2.388456 2.382405 2.064088 2.717357 2.269516 2.212405 2.11952 2.227788 2.203673 2.058938 2.148771 2.163453 2.327769 2.266418 2.023949 1.965859 2.017089 2.053802 2.190054 2.405232 2.279905 1.924935 1.98248 2.057136 2.054974 1.963651 1.899763 1.829846 1.683878 1.599674 1.716676 2.056427 2.035182 1.974244 1.694816 1.872981 2.19505 1.951837 1.828686 1.951453 2.626422 2.232583 1.769619 1.650949 2.251954 2.292213 2.172695 1.929174 1.910717
2.042532 1.958894 1.990106 2.048908 2.060587 2.084722 2.120475 2.194716 2.272608 2.308717 2.330274 2.253442 2.097501 2.412309 2.196903 1.980341 2.471796 2.274338 2.032568 2.656417 2.275929 2.112793 2.052068 2.18706 2.163291 2.091878 2.121739 2.093706 2.493612 2.181756 1.954062 1.891982 1.973241 2.123949 2.328188 2.533814 2.084552 1.987284 2.075111 2.014685 1.98329 1.9661 1.933651 1.965709 1.877563 1.672894 1.667027 1.931238 1.791592 1.654651 1.651993 2.172008 2.236625 2.000009 1.74082 1.963635 2.335576 2.01157 1.67636 1.678769 2.365667 2.468468 2.310642 1.905559 1.818455
2.069442 2.042993 2.061446 2.078219 2.103514 2.137363 2.170691 2.241746 2.244048 2.238533 2.230838 2.16591 2.309492 2.653234 2.015476 2.060903 2.537933 2.264869 2.00318 2.453894 2.332292 2.003282 1.943429 2.081725 2.089369 2.073274 2.041471 2.156078 2.606138 2.13189 2.005323 1.874403 1.921974 2.142072 2.417228 2.176426 1.911827 1.92431 1.990262 1.947438 1.950407 2.019315 2.018288 2.054381 2.086027 1.85719 1.63771 1.580643 1.534621 1.611341 1.88424 2.389843 2.258692 2.008544 1.723475 2.082469 2.201443 1.920082 1.631623 1.772041 2.385293 2.343724 2.260767 1.935303 1.838706
2.10453 2.107308 2.125981 2.144099 2.152688 2.152159 2.145231 2.124716 2.084543 2.127921 2.24351 2.437149 2.705951 2.231931 2.001139 2.111322 2.504618 2.313332 2.048192 2.283842 2.39755 1.983494 1.876599 1.95224 2.03124 2.000151 1.96591 2.167523 2.280313 2.034614 2.011031 1.89489 1.926262 2.168766 2.263361 1.908469 1.821621 1.874931 1.935215 1.937616 1.983398 2.07383 2.049646 1.989626 2.034941 1.956267 1.696742 1.539131 1.599767 1.846748 2.208959 2.295737 2.17288 1.878748 1.729921 2.287458 2.146134 1.881506 1.628936 1.962862 2.375246 2.19339 2.091461 1.947887 1.980879
2.192253 2.20327 2.203317 2.163255 2.10121 2.093462 2.114862 2.164015 2.334147 2.636772 2.651196 2.39108 2.23296 2.019577 1.923768 2.100934 2.427307 2.287275 2.110036 2.233224 2.393906 2.040622 1.892819 1.767313 1.791965 1.845809 1.946599 2.13646 2.085087 1.852013 1.933711 1.931157 1.917102 2.200612 2.194179 1.872319 1.878175 1.896589 1.917177 1.960737 2.01879 2.085302 2.044545 1.90882 1.830636 1.790087 1.760887 1.798345 1.955125 2.207996 2.425691 2.466029 2.345571 1.877134 1.765675 2.242544 2.029604 1.758615 1.665081 2.247055 2.317515 2.14147 1.955556 1.9398 2.204113
2.228269 2.243829 2.175158 2.079878 2.09463 2.277117 2.516171 2.497329 2.358924 2.2158 2.115952 2.057639 1.969299 1.824007 1.870387 2.178042 2.336336 2.211021 2.105635 2.248487 2.460321 2.06871 1.911692 1.585802 1.561011 1.80897 2.014901 2.174817 2.05592 1.724534 1.827899 1.976813 1.940538 2.20433 2.095138 1.796895 1.840625 1.827125 1.877835 1.945576 1.975587 2.035371 1.998662 1.834833 1.711666 1.680705 1.732746 1.881077 2.083457 2.317159 2.317767 2.298392 2.302097 2.089451 2.004991 2.23583 1.865725 1.705189 1.951172 2.73185 2.313247 2.157898 1.894084 2.012413 2.332946
2.20493 2.204105 2.129976 2.206201 2.495133 2.403032 2.165636 2.068902 2.051468 2.040523 2.039345 1.998243 1.874157 1.817253 1.998859 2.253326 2.237276 2.143204 2.038349 2.16063 2.43302 1.980203 1.802766 1.492552 1.517287 1.911023 2.115863 2.139091 2.023991 1.63056 1.723325 2.049884 2.025431 2.16553 1.887286 1.669419 1.740819 1.755857 1.85372 1.906816 1.931233 2.007246 1.983247 1.869995 1.817171 1.845355 1.948869 2.003895 1.955396 2.109056 2.193855 2.242801 2.336848 2.252316 2.436984 2.201932 1.817145 1.892301 2.476737 2.567953 2.255537 2.096064 2.04528 2.232483 2.052332
2.223757 2.259682 2.410247 2.454676 2.097263 1.941654 1.95159 2.017837 2.043079 2.012465 1.975632 1.926535 1.8767 1.916457 2.100565 2.256735 2.189239 2.065154 1.99274 2.044113 2.407454 1.885979 1.699174 1.523448 1.604049 1.996875 2.340757 2.437947 2.172527 1.601558 1.692214 2.143911 2.079039 1.993655 1.703998 1.627383 1.715549 1.810997 1.929367 1.947632 1.989052 2.06546 2.067102 2.057717 2.061931 2.111481 2.165263 1.980105 1.871042 1.983924 2.093314 2.261744 2.342225 2.464911 2.235035 1.900741 1.916364 2.244341 2.703185 2.357571 2.1835 2.272862 2.388638 2.05131 1.879342
2.315343 2.542405 2.380675 2.005622 1.917242 1.977599 2.022537 1.992391 1.974166 1.976243 1.964874 1.93825 1.932236 1.966996 2.029773 2.036398 2.048217 1.979592 1.968947 2.007367 2.30516 1.905105 1.663789 1.62374 1.741937 2.004838 2.243608 2.750971 2.113308 1.653222 1.785615 2.161444 2.047477 1.894602 1.718197 1.723857 1.836114 1.992718 2.057908 2.032714 2.084839 2.130529 2.145535 2.189606 2.162126 2.139968 2.042153 1.857249 1.873316 1.916369 2.006895 2.343741 2.396565 2.23497 1.886687 1.93735 2.218083 2.588882 2.623592 2.263323 2.271216 2.351923 2.01795 1.879796 1.824225
2.568285 2.403019 1.955084 1.853282 1.938722 2.006978 2.009976 1.978877 1.990178 2.009004 1.991088 1.986299 2.017668 2.06085 2.14253 2.062251 2.007386 1.980979 2.013999 2.094095 2.196938 2.053047 1.736005 1.741673 1.841655 1.993213 1.992427 2.455777 2.182961 1.792498 1.834005 1.908173 1.887585 1.820209 1.736471 1.773833 1.903578 1.997105 2.025733 2.06982 2.126239 2.141726 2.174999 2.242625 2.205462 2.116916 1.878938 1.724094 1.857559 1.900666 2.019718 2.404577 2.223864 1.91838 1.930224 2.276988 2.510071 2.586184 2.491544 2.299206 2.299949 2.031067 1.849662 1.772169 1.732161
2.481978 1.883919 1.744051 1.83423 1.94376 1.999069 2.030309 2.028268 2.019552 2.019568 2.005071 2.019226 2.081066 2.208665 2.416766 2.297322 2.044677 1.962083 2.091612 2.066105 1.96881 2.12682 2.047143 1.895517 1.797731 1.890741 1.839737 2.030648 2.609542 1.948368 1.83456 1.765472 1.775531 1.767744 1.720071 1.729256 1.791135 1.84471 1.929063 2.061083 2.127557 2.147736 2.196619 2.268734 2.273879 2.138825 1.764518 1.602008 1.793652 1.963412 2.171775 2.298051 2.020916 1.974185 2.24572 2.454316 2.44418 2.412968 2.328392 2.306443 2.144673 1.846697 1.675429 1.642708 1.696205
1.92075 1.662851 1.816267 2.02233 2.101115 2.097405 2.124432 2.107763 2.053985 2.032996 2.015837 2.031331 2.10077 2.206973 2.292781 2.232648 1.990346 1.849285 1.96396 1.944326 1.897238 2.100358 2.553837 2.253685 1.91277 1.899696 1.91597 1.821808 2.279276 2.031246 1.921175 1.88382 1.862047 1.847851 1.752924 1.703387 1.748154 1.820105 1.911538 2.019889 2.085064 2.146125 2.21966 2.324492 2.459312 2.259461 1.679825 1.523486 1.789059 2.135986 2.336939 2.142478 2.004432 2.221378 2.371304 2.279331 2.181357 2.222884 2.209521 2.136104 1.91864 1.684188 1.606918 1.714752 1.855713
1.644413 1.726445 2.034057 2.140713 2.146687 2.125034 2.136064 2.115438 2.070948 2.047242 2.027113 2.048246 2.083121 2.105255 2.133702 2.151362 2.015113 1.866214 1.920818 2.034 2.075774 2.077733 2.401799 2.556911 2.090819 1.898723 1.855629 1.70467 1.948662 2.175601 1.938715 1.853826 1.831255 1.840839 1.755965 1.750246 1.843581 1.87123 1.898824 1.979185 2.057378 2.145235 2.23572 2.325015 2.436658 2.066716 1.618343 1.570627 1.891683 2.310998 2.297624 2.120872 2.196161 2.379542 2.294851 2.101261 2.097482 2.079413 2.038015 1.91251 1.75624 1.657726 1.804139 2.094421 2.185555
1.635446 1.856563 2.046824 2.096421 2.106021 2.096087 2.08661 2.059806 2.024006 1.981931 1.975031 2.028003 2.102604 2.174129 2.178007 2.098328 1.98548 1.928642 1.995571 2.01217 2.013517 1.997072 2.189512 2.373823 1.824387 1.650179 1.665716 1.772624 2.075352 2.32708 2.109492 1.895783 1.777439 1.735022 1.748287 1.852985 1.982448 1.955873 1.9304 1.956172 2.031698 2.17529 2.1049 2.077111 2.170184 1.87991 1.730195 1.745513 2.018031 2.325193 2.160385 2.154471 2.29843 2.299276 2.14371 2.086763 2.144728 2.042687 1.936092 1.833311 1.75237 1.80906 2.094326 2.357779 2.358913
1.779453 1.930707 2.026221 2.075104 2.101527 2.09049 2.046364 2.014148 2.00718 1.981813 1.98542 2.055777 2.165334 2.258517 2.224089 2.049094 1.889246 1.821804 1.868149 1.882304 1.847161 1.901217 2.092101 2.427956 1.713676 1.65304 1.905345 2.134375 2.308158 2.325819 2.380049 2.442816 2.202354 1.972231 1.880047 1.997077 2.094253 2.067043 2.134953 2.222177 2.194339 2.23795 2.019058 1.965367 1.958668 1.84335 1.914269 1.947894 2.227129 2.208658 2.078585 2.081774 2.108086 2.111742 2.082298 2.13575 2.170705 2.072876 1.956777 1.895317 1.940982 2.120285 2.338547 2.355212 2.235479
1.902603 1.930218 2.008632 2.101916 2.136309 2.113289 2.044099 1.999625 2.0013 2.007344 2.044258 2.127652 2.180346 2.160745 2.073381 2.057699 2.001181 1.913974 1.953364 2.01776 1.833291 1.858981 2.003819 2.468251 1.753503 1.72626 2.103926 2.268026 2.257732 2.126439 2.02327 2.036407 2.117929 2.23974 2.313826 2.337905 2.245954 2.258527 2.51164 2.602659 2.292921 2.118622 1.994746 1.95306 1.792379 1.818464 2.030405 2.242652 2.228977 1.936056 1.873827 1.845609 1.85187 1.936831 2.029515 2.146419 2.212308 2.146002 2.041889 2.058469 2.198248 2.340422 2.340424 2.178027 2.120096
1.893718 1.878203 2.029698 2.280006 2.349605 2.290877 2.142125 1.994531 1.93023 1.96363 2.080632 2.191311 2.170753 2.021215 2.007257 2.164168 2.193018 2.190376 2.269732 2.222491 1.934392 1.905679 1.952737 2.364182 2.041363 1.752413 1.943629 2.160917 2.134851 1.997302 1.908495 1.814839 1.757367 1.783496 1.83021 2.038064 2.294675 2.42532 2.679484 2.533499 2.184897 1.877539 1.825208 1.82745 1.778052 1.939644 2.268106 2.188536 1.806486 1.724506 1.745548 1.795034 1.838855 1.85767 1.936847 2.053875 2.115098 2.086479 2.101643 2.222267 2.301069 2.228248 2.066066 2.017176 2.117389
1.748047 1.828957 2.064676 2.320671 2.396575 2.304409 2.095422 1.978445 1.973898 2.025367 2.107562 2.184443 2.240399 2.188316 2.280391 2.306619 2.305527 2.324867 2.351335 2.246856 2.040235 1.992783 1.978256 2.064607 2.619299 1.95296 1.885843 2.006597 2.147971 2.21769 2.192743 2.071115 1.923259 1.870442 1.781527 1.818302 2.066796 2.357463 2.708256 2.383955 1.938141 1.633645 1.757699 1.979619 2.011842 2.238281 2.190888 1.780892 1.701815 1.746385 1.752853 1.79486 1.867554 1.90033 1.934684 1.96882 1.954646 1.924206 1.997601 2.098651 2.102892 1.967244 1.915868 2.037116 2.14703
1.8141 1.901889 2.042498 2.132749 2.10413 2.000741 1.926874 2.011267 2.150802 2.161317 2.09761 2.105836 2.215899 2.270983 2.319584 2.270529 2.293828 2.294743 2.32511 2.297232 2.173984 2.131101 2.090654 1.927654 2.143973 2.443907 2.259673 2.191733 2.273224 2.359409 2.433928 2.36754 2.214107 2.057242 1.751116 1.743927 1.96949 2.295521 2.566937 2.166198 1.833825 1.621956 1.949756 2.35105 2.333975 2.175745 1.864842 1.809672 1.945116 1.961873 1.867246 1.82925 1.871169 1.970322 2.007694 2.017071 2.055155 2.020791 2.004453 1.975219 1.963099 1.941898 2.028358 2.188632 2.301651
2.017514 2.015241 2.063132 2.09704 1.998604 1.881675 1.906574 2.069712 2.191201 2.174619 2.066938 1.978281 2.028699 2.157497 2.200932 2.231173 2.295202 2.258481 2.207336 2.263466 2.341229 2.310003 2.161201 1.966828 1.914044 2.03693 2.222348 2.346401 2.359541 2.397231 2.408622 2.332031 2.280328 2.149416 1.785634 1.734494 1.909622 2.257888 2.35395 2.030023 1.852255 1.730298 2.129147 2.31898 2.015403 1.865836 1.903373 2.013669 2.164831 2.175508 2.123175 2.210998 2.098678 2.038712 2.024603 2.036455 2.129047 2.148287 2.058221 1.902491 1.887471 2.030766 2.182102 2.26021 2.297537
2.026368 2.029541 2.073982 2.101897 2.062327 2.003743 2.048957 2.130203 2.159291 2.144561 2.073686 1.950439 2.026919 2.201756 2.177732 2.236345 2.327205 2.267375 2.118965 2.193606 2.394015 2.320761 2.175136 2.060556 2.055185 2.081191 2.026681 1.990088 2.036076 2.136699 2.262149 2.334216 2.295179 2.118975 1.908375 1.820787 1.880169 2.344707 2.286051 1.958656 1.872783 1.95073 2.454032 1.982798 1.849525 1.943349 2.027907 2.041784 2.157628 2.229933 2.194743 2.329459 2.227789 2.081175 2.020725 1.993449 2.025341 2.037798 1.920788 1.825853 1.769721 1.787182 1.861065 1.974789 2.063985
2.076878 2.067306 2.091368 2.120128 2.1447 2.141261 2.189181 2.2084 2.196053 2.187025 2.172899 2.135148 2.151906 2.134787 2.138508 2.218757 2.27561 2.247768 2.142107 2.179044 2.20589 2.183752 2.216761 2.18147 2.24127 2.196161 1.98149 1.861271 1.823593 1.836224 1.935821 2.135302 2.285565 2.094073 1.945127 1.893592 1.911681 2.482187 2.21056 1.950716 1.994736 2.258723 2.154405 1.95801 2.124045 2.162067 2.083748 2.088354 2.171789 2.196627 2.165066 2.196774 2.187776 2.117743 2.037396 1.938946 1.90832 1.874797 1.77036 1.781436 1.771609 1.734114 1.77443 1.863598 1.950651
