data/arenosa/zs.asc
ncols         435
nrows         456
xllcorner     891236.30040912
yllcorner     1168994.6457458
cellsize      10
NODATA_value  -9999
[rows 203 to 231 of 456, columns 260 to 324 of 435]
2.032529 2.338196 2.513601 2.605783 2.702507 2.747009 2.555759 2.695141 2.43945 2.580653 2.478657 2.491558 2.555807 2.463799 2.358569 2.57612 2.379363 2.389365 2.394223 2.471328 2.419091 2.538992 2.338822 1.987228 1.93396 1.920884 1.960675 1.845462 1.670516 1.675392 2.086337 2.635729 2.515045 2.424285 2.337086 2.244764 2.182176 2.317866 2.245938 2.15836 2.055525 1.983456 1.962975 1.944202 1.968606 2.109189 2.2241 2.37376 2.077441 2.336524 2.445723 2.30091 2.150238 2.2317 2.153325 2.04506 2.250587 2.460261 2.549102 2.57559 2.570786 2.562703 2.479772 2.381069 2.340747
2.110042 2.366059 2.462522 2.578983 2.555867 2.5305 2.490036 2.677038 2.458309 2.657618 2.487893 2.490147 2.524291 2.578353 2.448022 2.651603 2.269971 2.364986 2.502435 2.508316 2.473681 2.439424 2.771423 2.297339 1.956779 1.795766 1.819681 1.77335 1.574385 1.48343 1.690713 2.025033 2.175414 2.251261 2.35088 2.354056 2.331935 2.641389 2.624204 2.26132 2.067712 1.972476 1.931341 1.914165 1.92116 2.009676 2.080529 2.438304 2.365213 2.216435 2.411613 2.371209 2.210835 2.309402 2.326939 2.07678 2.083476 2.256647 2.379305 2.582736 2.636417 2.655411 2.614729 2.458509 2.399837
2.273957 2.528054 2.478618 2.573764 2.470628 2.360138 2.305409 2.338275 2.252576 2.553749 2.552891 2.600574 2.518999 2.451066 2.523892 2.539991 2.31183 2.504879 2.742225 2.649512 2.500772 2.358609 2.292368 2.414438 2.618312 2.316181 2.028394 1.883262 1.68248 1.578963 1.683157 1.746259 1.728075 1.787734 1.877769 1.881846 1.873804 1.994868 2.279634 2.757767 2.291224 2.031989 1.990944 1.932499 1.954674 2.029041 2.044341 2.16255 2.769563 2.21844 2.163457 2.28969 2.270324 2.302539 2.431143 2.236108 2.016469 2.098428 2.192949 2.369354 2.696112 2.748247 2.696656 2.460062 2.330372
2.5639 2.558597 2.56753 2.553314 2.411831 2.237018 2.163909 2.140981 2.037205 2.184255 2.573966 2.612019 2.541529 2.262003 2.509452 2.446549 2.407966 2.556511 2.68134 2.670763 2.530487 2.277725 2.062375 2.024359 2.144622 2.380527 2.791149 2.131132 1.722322 1.643146 1.681664 1.730262 1.780495 1.877031 1.966035 1.949254 1.887577 1.820108 1.788635 1.938721 2.574925 2.338585 2.113884 2.057414 2.09098 2.082985 1.997013 1.995367 2.359487 2.664004 2.161709 2.062453 2.171371 2.213342 2.315054 2.308878 2.069995 1.970507 2.078787 2.212201 2.408366 2.629632 2.671039 2.47491 2.289758
2.731072 2.62467 2.702281 2.538492 2.21514 2.049787 2.043035 2.073797 1.978057 1.905087 2.22476 2.652451 2.733778 2.313201 2.424143 2.486535 2.429371 2.499727 2.531384 2.564409 2.515293 2.257905 2.144563 2.038484 2.090214 2.146507 2.210404 2.528869 2.097163 1.739971 1.645602 1.76598 1.890242 1.936179 1.979604 2.003541 2.031162 1.982412 1.841593 1.709363 1.859075 2.417702 2.318167 2.239185 2.348068 2.288397 2.09787 1.984982 2.18244 2.337594 2.636334 2.228789 2.118197 2.228089 2.269868 2.317117 2.265406 2.04167 1.963394 2.120074 2.319991 2.462292 2.460536 2.377154 2.270739
2.212631 2.756297 2.681024 2.364107 2.022153 2.011156 2.127586 2.18939 2.137716 1.951835 1.973012 2.291214 2.644889 2.529763 2.356411 2.608231 2.434263 2.491727 2.54521 2.601312 2.551826 2.24156 2.351233 2.218638 2.0797 2.060786 2.052904 2.163691 2.409069 2.612272 2.195993 1.985812 1.939896 1.965854 2.046211 2.08333 2.091236 2.122791 2.049414 1.850173 1.770419 1.960852 2.288959 2.487394 2.478461 2.408822 2.278038 2.092713 2.134551 2.165181 2.285734 2.534404 2.256777 2.419382 2.349444 2.251363 2.294946 2.31343 2.037735 1.954545 2.208249 2.416438 2.448414 2.421056 2.325362
1.720002 2.331343 2.631407 2.262214 2.025009 2.164751 2.48352 2.504668 2.431957 2.194768 2.050894 2.092227 2.311969 2.523767 2.392127 2.498168 2.471296 2.388634 2.571482 2.639237 2.57155 2.335696 2.31377 2.377852 2.110833 1.964649 1.890204 1.903326 2.017559 2.209713 2.520013 2.654802 2.293118 2.078689 2.029275 2.074558 2.117824 2.199012 2.214054 2.079097 1.980023 2.004814 2.224106 2.537195 2.487858 2.515341 2.489919 2.255155 2.154769 2.207749 2.195225 2.625506 2.330787 2.489294 2.578593 2.386789 2.252972 2.329058 2.212863 1.9696 2.12911 2.490522 2.540799 2.504548 2.423696
1.579217 2.007133 2.539517 2.284318 2.087934 2.270802 2.584412 2.676237 2.702229 2.463213 2.254219 2.217958 2.256998 2.498016 2.481971 2.296409 2.644752 2.340231 2.528134 2.674687 2.676432 2.541701 2.22461 2.223419 2.367333 2.088903 1.932147 1.857919 1.890982 2.050189 2.201326 2.3101 2.623922 2.550425 2.27093 2.144262 2.109268 2.16609 2.241717 2.173988 2.083282 2.031774 2.102573 2.323012 2.368911 2.597616 2.759166 2.443017 2.17873 2.063486 2.107965 2.422118 2.512918 2.350088 2.529659 2.469934 2.45066 2.550002 2.426539 2.092782 2.101048 2.487212 2.591383 2.651829 2.551658
1.584651 2.006147 2.361192 2.22369 2.037357 2.028831 2.105301 2.244593 2.347914 2.523043 2.540759 2.298086 2.218966 2.429059 2.55829 2.358126 2.397609 2.601884 2.366117 2.540317 2.775029 2.661823 2.295094 2.073243 2.27091 2.399246 2.172112 2.039172 1.969554 1.989817 2.114333 2.228289 2.410813 2.594473 2.692193 2.550895 2.339667 2.142207 2.090219 2.139874 2.166432 2.107916 2.075349 2.255686 2.458184 2.614048 2.648602 2.468379 2.349444 1.959216 1.944395 2.042979 2.492874 2.35318 2.259562 2.34394 2.269167 2.398347 2.609472 2.162091 2.027509 2.368866 2.638513 2.787801 2.659656
1.717176 2.104485 2.233535 2.103838 1.994936 1.943868 1.952287 2.011838 2.093195 2.21629 2.524558 2.600792 2.219221 2.243073 2.53939 2.519441 2.306901 2.451825 2.566421 2.355469 2.700803 2.634249 2.37897 2.118596 2.105685 2.341945 2.411173 2.212634 1.993283 2.006312 2.09073 2.151121 2.42284 2.493181 2.474236 2.494737 2.487237 2.463792 2.453013 2.275107 2.159904 2.134459 2.137367 2.194561 2.263085 2.362099 2.473951 2.28752 2.484252 2.223722 2.078054 2.106643 2.149693 2.602679 2.108338 2.131545 2.27314 2.396298 2.42799 2.351125 2.029008 2.313218 2.516225 2.465125 2.432656
2.054883 1.995941 2.255237 2.353555 2.475405 2.555358 2.367822 2.195624 2.205299 2.240263 2.268094 2.542864 2.34244 2.125498 2.374205 2.602152 2.472462 2.28479 2.448548 2.454029 2.405877 2.574763 2.490927 2.204297 2.069066 2.235106 2.336694 2.334504 1.976032 1.879715 1.914113 2.036069 2.24438 2.181168 2.216406 2.355097 2.291236 2.143044 2.225971 2.573786 2.492916 2.207356 2.118039 2.127974 2.12852 2.137707 2.248111 2.140188 2.373167 2.423992 2.179194 2.331164 2.340779 2.572608 2.156088 1.9039 2.168947 2.356834 2.349977 2.719036 2.195211 2.113503 2.220711 2.297359 2.439671
2.664243 2.158836 2.13264 2.196064 2.289752 2.528731 2.538446 2.575051 2.512504 2.319573 2.109703 2.213288 2.373429 2.134766 2.216644 2.592064 2.592064 2.432528 2.261037 2.612457 2.206365 2.612145 2.59282 2.322035 2.121951 2.142946 2.146711 2.295592 2.312503 1.942824 1.771397 1.932495 1.972535 2.016099 2.136793 2.295591 2.369528 2.175517 2.224952 2.141858 2.485749 2.656671 2.506963 2.419788 2.35922 2.230469 2.137932 2.022084 2.295415 2.439353 2.104032 2.384732 2.520183 2.481419 2.222025 1.842857 2.131801 2.56155 2.437004 2.536686 2.637781 2.468001 2.47033 2.572143 2.39647
1.832001 2.646935 2.232122 2.050181 1.886905 2.024136 2.539612 2.3623 2.214384 2.070332 1.992927 2.151301 2.379257 2.116219 2.100823 2.477369 2.564868 2.609389 2.282625 2.634166 2.212397 2.544488 2.584202 2.471503 2.227723 2.109461 2.033928 2.222099 2.612388 2.239092 1.809831 1.829687 1.931695 2.123234 2.293388 2.383401 2.537336 2.109501 2.452236 2.236965 2.240263 2.278045 2.44712 2.577347 2.456353 2.318117 2.144281 2.038922 2.149216 2.509313 1.946549 2.127638 2.348134 2.357322 2.369622 1.951057 2.083719 2.428819 2.555161 2.479314 2.434929 2.464154 2.350355 2.096272 2.062984
1.63605 2.111765 2.800209 2.418381 2.061162 1.75947 2.0225 2.503719 2.384641 2.230055 2.163954 2.358276 2.651551 2.20242 2.120366 2.496864 2.573081 2.651141 2.320474 2.628558 2.242579 2.404079 2.574812 2.615904 2.277403 2.129973 2.044907 2.159769 2.452938 2.52316 2.129978 2.044037 2.127864 2.175147 2.351717 2.367561 2.502288 2.088406 2.488932 2.350365 2.083753 1.994399 2.153923 2.444369 2.35414 2.188378 2.105954 2.245173 2.069561 2.443309 2.080058 2.045523 2.27245 2.267805 2.608606 2.106603 2.065366 2.299893 2.814614 2.584874 2.378576 2.307817 2.16819 1.973753 2.047
1.700813 1.864964 2.269623 2.734126 2.437086 1.945621 1.77546 2.056532 2.226075 2.209491 2.233538 2.432842 2.699059 2.249096 2.232022 2.679682 2.655486 2.634454 2.341673 2.664125 2.227673 2.335119 2.479386 2.499032 2.359462 2.114789 2.084985 2.145328 2.356683 2.70084 2.489737 2.353604 2.155463 2.184316 2.361247 2.23893 2.31767 2.125228 2.297599 2.214646 2.00345 1.985432 1.970367 2.361659 2.355627 2.149511 2.166364 2.483831 2.147154 2.26126 2.405229 2.19945 2.35245 2.302546 2.485442 2.315315 2.056287 2.250285 2.502269 2.490636 2.312535 2.235754 2.111067 1.94803 2.022501
1.833005 1.942386 2.032333 2.062937 2.296306 2.605435 1.932061 1.796135 1.987537 2.161749 2.299126 2.462387 2.738205 2.342528 2.357846 2.645729 2.669433 2.616196 2.333875 2.699447 2.21173 2.339948 2.52224 2.579093 2.447872 2.092297 2.128119 2.154038 2.315274 2.617926 2.542675 2.326104 2.169571 2.2156 2.248142 2.162705 2.151674 1.998627 2.080784 2.119451 2.088061 2.093501 1.933124 2.223839 2.395425 2.154039 2.31146 2.65112 2.235304 2.142064 2.415759 2.103793 2.172413 2.175981 2.190952 2.616364 2.195377 2.191794 2.222985 2.205653 2.234901 2.151502 1.968472 1.871174 2.044477
1.934296 2.149685 2.036618 1.877961 1.91027 2.199931 2.543495 1.775013 1.732596 2.075924 2.299711 2.483769 2.798279 2.4872 2.41381 2.497339 2.61482 2.572818 2.326896 2.667903 2.231563 2.398129 2.586341 2.775017 2.358174 2.02167 2.132277 2.074345 2.220136 2.559615 2.569916 2.365538 2.285 2.22443 2.20893 2.166959 2.11554 1.986678 2.123767 2.207253 2.235326 2.171122 1.952831 2.141986 2.434196 2.086813 2.264634 2.34418 2.09159 1.891066 2.055632 1.877949 1.933022 2.024587 2.014939 2.226352 2.533876 2.270984 2.044863 2.035073 2.255835 2.109997 1.918851 1.903388 2.126687
1.955062 2.417894 2.229783 2.205326 2.061389 1.989113 2.369416 1.961474 1.664643 2.001838 2.180804 2.405354 2.74305 2.572596 2.511845 2.459559 2.469397 2.400637 2.39922 2.434613 2.252651 2.461838 2.637232 2.718612 2.144407 1.882131 1.977689 1.981344 2.224545 2.525441 2.491337 2.456664 2.350084 2.269176 2.269246 2.223596 2.209504 2.170364 2.250827 2.249936 2.300787 2.291832 1.999089 2.053245 2.544564 2.071037 2.213541 2.143275 1.94726 1.854408 2.117944 2.018776 1.896931 1.968055 2.010097 2.027215 2.229761 2.426774 2.046623 2.040709 2.127788 2.048987 1.975014 2.152698 2.409462
2.020168 2.467922 2.259423 2.206316 2.060575 1.932631 2.088299 2.228538 1.758768 1.975595 2.084321 2.251992 2.531258 2.59065 2.492497 2.492505 2.47466 2.240586 2.54546 2.218291 2.316938 2.498891 2.684242 2.675798 2.029059 1.830426 2.013504 2.137873 2.308135 2.337342 2.21293 2.231154 2.196742 2.189442 2.226338 2.162713 2.129614 2.21384 2.255901 2.256934 2.341993 2.353034 2.073713 2.000044 2.614258 2.101659 2.159016 2.206574 2.142281 2.147561 2.352444 2.381395 1.963411 1.853396 1.963121 2.038432 2.042235 2.431942 2.160427 2.084328 2.109656 2.042144 1.948136 2.041589 2.468803
2.237818 2.404931 2.140939 2.136592 1.945444 1.774249 1.899159 2.616679 1.900191 1.943677 2.023936 2.141225 2.379179 2.740756 2.621918 2.601471 2.363811 2.281568 2.500507 2.237867 2.482936 2.613292 2.683617 2.585928 2.056615 1.829706 1.964864 2.248039 2.425982 2.499617 2.321913 2.304673 2.2965 2.226007 2.206613 2.168833 2.128564 2.16859 2.222802 2.26372 2.390114 2.286465 2.10696 2.01853 2.442239 2.18305 2.109452 2.189187 2.287882 2.321243 2.35025 2.499287 2.367579 1.926713 1.888891 2.012047 1.987236 2.151834 2.301881 1.989471 2.111571 2.074527 2.000473 2.01132 2.358392
2.389287 2.391712 2.139718 2.260801 2.054779 1.703233 1.709406 2.552757 2.076897 1.911008 1.963505 2.098396 2.315619 2.58767 2.809388 2.690468 2.185024 2.380708 2.347271 2.402746 2.582868 2.659013 2.628641 2.428224 2.103288 1.878924 1.965351 2.214642 2.447708 2.768702 2.705677 2.618505 2.507261 2.392092 2.3492 2.42421 2.473418 2.395193 2.345667 2.418429 2.560621 2.296762 2.115826 2.085624 2.404017 2.324833 2.183583 2.200782 2.30145 2.341087 2.378759 2.345358 2.432287 2.18299 1.90761 1.953553 1.967496 1.895689 2.305542 1.926376 2.146418 2.082162 2.063541 2.085 2.304791
2.392451 2.280262 2.063401 2.279857 2.196089 1.725859 1.641419 2.153622 2.399441 1.942756 1.892926 1.963731 2.195633 2.510403 2.681665 2.660757 2.175934 2.328807 2.346268 2.525575 2.647345 2.646779 2.499442 2.260616 2.038915 1.930912 2.055168 2.254897 2.488834 2.747795 2.726851 2.64157 2.606785 2.615803 2.607131 2.671855 2.711584 2.673969 2.628934 2.687282 2.766494 2.422929 2.176599 2.1352 2.382554 2.549297 2.230175 2.163934 2.214396 2.331659 2.303657 2.2686 2.246778 2.357962 2.026229 1.936865 1.978478 1.834389 2.385361 2.11899 2.10253 2.051307 2.151749 2.209331 2.335599
2.471512 2.106457 2.039747 2.397999 2.308765 1.759365 1.639001 1.951807 2.713482 2.172224 1.961716 1.839527 1.973057 2.397931 2.572602 2.574266 2.341761 2.216382 2.500651 2.590298 2.673121 2.608189 2.371563 2.164104 2.060176 2.055915 2.185542 2.332756 2.549565 2.689831 2.724081 2.799272 2.754924 2.700223 2.750783 2.795219 2.745654 2.719008 2.711256 2.697583 2.719415 2.560486 2.341549 2.18933 2.17875 2.710932 2.260583 2.14026 2.131132 2.252585 2.197376 2.246439 2.25394 2.357999 2.197374 1.976231 1.971382 1.86605 2.146962 2.550916 1.942825 1.953373 2.106078 2.00625 1.944284
2.405835 2.060212 2.242815 2.621778 2.499236 1.892085 1.629425 1.814127 2.462308 2.294319 2.171726 2.084188 1.916336 2.168667 2.43806 2.493267 2.523166 2.18615 2.341361 2.647511 2.643088 2.536619 2.301894 2.233246 2.236833 2.261137 2.34418 2.375379 2.547053 2.673129 2.644175 2.579656 2.542485 2.536341 2.546304 2.565046 2.556337 2.518498 2.534453 2.640524 2.738243 2.651424 2.524774 2.375312 2.169164 2.433413 2.433684 2.210215 2.077325 2.079379 2.113607 2.238387 2.265218 2.284748 2.406744 2.124759 1.96598 1.892542 1.972831 2.333821 2.300323 1.954389 1.894405 1.841322 1.854024
2.318722 2.245692 2.481822 2.686683 2.606944 2.106909 1.667899 1.734205 2.341827 2.142502 2.011886 2.336264 2.244807 1.99473 2.137467 2.409278 2.571395 2.473069 2.245903 2.463295 2.674307 2.522987 2.357575 2.308245 2.34487 2.374735 2.173584 2.050105 2.192399 2.456064 2.5379 2.533895 2.594099 2.673587 2.713167 2.733969 2.708107 2.683573 2.571637 2.57912 2.692787 2.622033 2.548628 2.467509 2.276305 2.263947 2.50912 2.36547 2.015168 1.98284 2.144084 2.203259 2.213205 2.286808 2.604701 2.315184 2.02705 1.913155 1.954982 2.024265 2.284614 2.601499 2.509449 2.25591 2.16745
2.454855 2.497147 2.592091 2.689508 2.634462 2.22397 1.731316 1.723914 2.225757 2.112783 1.939947 2.422938 2.635919 2.181362 1.93331 2.30947 2.486725 2.759599 2.483337 2.441017 2.52839 2.591826 2.521642 2.289321 2.202052 2.167892 2.086351 1.960695 1.975262 2.228957 2.469114 2.632777 2.729693 2.672512 2.702368 2.731136 2.673538 2.546996 2.424482 2.471111 2.527129 2.39411 2.282444 2.246024 2.222332 2.215584 2.293805 2.457364 2.06346 1.957471 2.184904 2.105291 2.094232 2.294302 2.508428 2.340204 2.045163 1.901087 1.893725 1.938128 1.967673 2.002715 2.150141 2.407044 2.62324
2.528694 2.559344 2.599078 2.715822 2.687228 2.280007 1.783165 1.729206 2.110087 2.240016 1.834259 2.393092 2.352078 2.385839 1.995437 2.291904 2.401449 2.613314 2.675954 2.594855 2.498696 2.451916 2.577935 2.62765 2.531354 2.701201 2.619218 2.503381 2.169456 2.134815 2.423531 2.614266 2.599355 2.630277 2.761155 2.76846 2.630149 2.498827 2.438976 2.46028 2.438924 2.352076 2.204127 2.1317 2.170683 2.275387 2.29726 2.262373 2.257914 2.033127 2.065971 2.035408 2.063998 2.350774 2.483629 2.408071 2.08923 1.906325 1.87145 1.890471 1.939739 1.968054 1.93212 1.955649 2.035131
2.516021 2.517213 2.59739 2.709898 2.697369 2.327552 1.824227 1.774918 2.005101 2.557279 1.861884 2.093993 2.447495 2.514453 2.256565 2.247208 2.373637 2.523668 2.8134 2.702737 2.622031 2.549694 2.424366 2.323958 2.240015 2.254742 2.225654 2.315265 2.63758 2.277232 2.273445 2.466958 2.574141 2.67997 2.708127 2.576899 2.43693 2.414324 2.452563 2.451613 2.400351 2.35737 2.359562 2.233571 2.186368 2.30494 2.250954 2.032396 2.126782 2.383812 1.984305 2.022907 2.06665 2.237078 2.305466 2.442608 2.335809 1.960741 1.865409 1.951903 2.052142 2.139938 2.173955 2.2068 2.156734
2.450187 2.469604 2.578582 2.602638 2.552437 2.309144 1.826541 1.873423 2.074271 2.2117 2.290739 1.834094 2.416209 2.381887 2.765527 2.2137 2.205813 2.324155 2.58858 2.738922 2.629968 2.593135 2.592003 2.477386 2.427098 2.47209 2.407353 2.376894 2.243066 2.535568 2.266669 2.298288 2.5127 2.669004 2.671741 2.527997 2.432463 2.454148 2.512625 2.514813 2.320931 2.190874 2.285543 2.228644 2.177612 2.255348 2.053788 1.947901 1.981265 2.25112 2.324442 1.986953 1.974782 2.097819 2.132951 2.177043 2.33743 2.246195 1.933681 2.061528 2.323858 2.405786 2.379997 2.367571 2.324962
